word, Y_counts, N_counts, Total_count
ski,6,0,6
resorts,6,0,6
fight,48,0,48
global,647,250,897
warming,627,245,872
salt,4,0,4
lake,4,4,8
city,5,0,5
ap,6,2,8
across,9,3,12
the,457,151,608
u,49,7,56
s,209,56,265
are,70,24,94
using,5,2,7
this,64,30,94
thanksgiving,3,0,3
link,296,13,309
y,1237,1,1238
d,24,9,33
c,27,5,32
snowstorm,15,4,19
how,71,14,85
makes,32,1,33
blizzards,18,2,20
worse,48,0,48
lyamgm,3,0,3
climateprogress,2,0,2
energy,40,4,44
and,217,43,260
news,45,5,50
for,158,32,190
february,4,1,5
,126,23,149
activists,3,1,4
took,2,0,2
on,173,50,223
oil,6,1,7
companies,5,0,5
calif,2,0,2
regul,1,0,1
ly,139,31,170
vxyn,1,0,1
markey,1,0,1
presses,1,0,1
coal,8,1,9
ceos,3,0,3
climate,766,88,854
change,724,76,800
denialism,1,0,1
future,17,0,17
of,369,82,451
industry,8,0,8
i,58,42,100
me,73,15,88
mrc,1,0,1
via,92,11,103
newsongreen,11,0,11
glacial,4,0,4
melt,10,0,10
from,103,13,116
could,67,2,69
unplug,2,0,2
volcanos,2,0,2
earthweek,2,0,2
a,224,76,300
diary,2,0,2
planet,10,3,13
eruptions,10,0,10
vol,2,0,2
endangered,14,0,14
places,14,0,14
to,398,84,482
save,22,0,22
them,8,2,10
newsweek,18,0,18
report,61,5,66
claims,7,1,8
is,218,100,318
blame,24,1,25
increase,13,0,13
allergies,43,0,43
lybg,1,0,1
dir,1,0,1
rds,1,0,1
tbaggers,1,0,1
don,18,11,29
t,66,34,100
think,25,9,34
serious,11,0,11
problem,4,0,4
as,43,34,77
said,6,6,12
they,21,12,33
re,26,8,34
ignorant,1,2,3
good,20,3,23
about,40,17,57
very,5,3,8
bad,9,3,12
pr,5,1,6
fg,1,0,1
ev,1,0,1
talking,3,0,3
arthuryanb,1,0,1
crappy,1,0,1
world,42,3,45
we,62,21,83
live,9,2,11
in,232,57,289
hahaha,1,1,2
it,115,52,167
just,37,9,46
because,13,5,18
though,2,0,2
rt,200,63,263
tednews,3,0,3
larry,6,0,6
brilliant,7,0,7
at,54,10,64
tedxvolcano,7,0,7
exacerbating,1,0,1
all,45,24,69
other,11,1,12
crises,1,0,1
our,40,6,46
age,3,1,4
but,18,12,30
science,31,28,59
now,28,9,37
under,5,0,5
attack,2,0,2
climatewise,2,0,2
here,8,0,8
tonight,4,1,5
discuss,4,1,5
what,28,6,34
doing,4,1,5
women,5,1,6
children,3,0,3
families,4,1,5
communities,6,0,6
nwf,8,0,8
new,53,11,64
york,6,1,7
waterfront,1,0,1
plan,6,0,6
will,50,12,62
take,28,2,30
into,10,2,12
consideration,1,0,1
asqdr,1,0,1
kills,12,0,12
forests,20,0,20
colorado,11,0,11
third,1,4,5
international,9,3,12
water,24,0,24
fair,1,0,1
people,22,6,28
conference,13,1,14
rights,7,0,7
lybebgde,1,0,1
by,84,24,108
indigenousissue,3,0,3
got,3,2,5
jonah,4,0,4
goldberg,4,0,4
time,38,15,53
magazine,5,1,6
than,53,4,57
ever,15,2,17
xv,1,0,1
volcanic,15,1,16
activity,3,0,3
ice,23,5,28
cap,4,1,5
thaw,7,1,8
may,35,1,36
awaken,1,0,1
icelandic,8,0,8
volcanoes,22,1,23
nlf,1,0,1
aqb,1,0,1
greenforyou,3,0,3
treating,3,0,3
curable,3,0,3
disease,5,0,5
wired,6,0,6
com,45,15,60
green,49,3,52
lybpm,1,0,1
kx,1,0,1
esg,1,0,1
sustainability,5,0,5
dc,16,17,33
ft,4,3,7
work,6,0,6
greenpeace,10,0,10
stop,33,5,38
hr,4,0,4
get,20,6,26
involved,5,0,5
call,9,2,11
m,18,5,23
ej,1,0,1
really,9,4,13
season,9,0,9
you,33,25,58
should,11,8,19
lyc,18,1,19
z,9,0,9
n,14,298,312
continues,2,0,2
glacier,13,2,15
national,19,0,19
park,6,0,6
icons,2,0,2
p,39,16,55
porous,1,0,1
materials,1,0,1
reduce,22,0,22
warmingà,1,0,1
eyjafjoell,1,0,1
volcano,17,1,18
triggers,2,0,2
more,51,19,70
vcnaa,1,0,1
ru,1,0,1
cool,6,0,6
care,2,7,9
vid,2,0,2
indigenous,9,0,9
peoples,5,0,5
gd,9,2,11
hoam,1,0,1
dakotarene,1,0,1
redman,1,0,1
robby,1,0,1
romero,1,0,1
ocean,22,0,22
acidification,3,0,3
hidden,1,0,1
risk,3,0,3
lydrr,1,0,1
xm,1,0,1
peterdaou,1,0,1
who,10,13,23
political,2,4,6
elites,1,0,1
editors,1,0,1
times,8,1,9
shilling,1,0,1
bush,1,0,1
iraqi,1,0,1
wmd,1,0,1
members,2,0,2
congress,4,0,4
denying,2,0,2
cutting,1,0,1
down,6,2,8
trees,10,0,10
plant,8,0,8
lychyuwu,1,0,1
nyt,2,0,2
comprehensive,4,0,4
article,7,1,8
economics,4,0,4
paul,1,0,1
krugman,3,0,3
mscuy,1,0,1
graphs,1,0,1
one,27,7,34
place,4,0,4
alternative,3,0,3
lydefx,1,0,1
important,20,0,20
video,12,3,15
watch,5,1,6
laurie,1,0,1
davids,1,0,1
guide,4,0,4
xa,2,0,2
tb,2,0,2
globalwarning,1,0,1
eco,13,0,13
climatechange,18,1,19
conservation,3,0,3
give,10,2,12
gift,7,0,7
that,83,34,117
helps,4,0,4
prevent,5,0,5
provides,3,0,3
habitat,26,0,26
specie,3,0,3
lydcusyt,2,0,2
or,19,9,28
going,10,7,17
keep,5,6,11
snowing,1,4,5
until,4,3,7
jimdemint,1,2,3
admits,1,0,1
real,26,7,33
imgoph,1,0,1
updates,3,0,3
study,19,4,23
law,5,1,6
cites,1,1,2
local,5,0,5
refineries,1,0,1
negative,1,0,1
health,20,2,22
effects,31,1,32
yvwhz,1,0,1
meat,9,0,9
wise,4,0,4
cynthia,2,0,2
bateman,2,0,2
monday,2,1,3
animal,3,0,3
agriculture,6,0,6
zs,2,1,3
action,32,0,32
help,43,3,46
protect,24,0,24
wildlife,30,0,30
growing,5,0,5
faster,20,0,20
ecologists,2,0,2
discover,1,0,1
appears,3,0,3
be,53,19,72
driving,3,1,4
accelerated,6,0,6
growth,4,1,5
lyafk,1,0,1
yz,1,0,1
michaellemonick,1,0,1
why,27,12,39
makers,1,0,1
anti,2,2,4
allergy,12,0,12
meds,1,0,1
comy,7,1,8
zhsve,1,0,1
audi,1,0,1
police,1,0,1
play,5,1,6
right,11,3,14
crazy,1,0,1
fears,1,0,1
wing,1,1,2
deniers,17,0,17
sigsforyou,1,0,1
hrhsar,1,0,1
tsunami,4,2,6
cause,9,1,10
east,4,3,7
coast,10,2,12
gds,1,0,1
rd,1,0,1
core,5,0,5
impacts,36,1,37
experts,10,1,11
yahoo,5,0,5
lvbf,1,0,1
climatenews,2,0,2
environmental,26,0,26
monitoring,4,0,4
instruments,1,0,1
with,67,15,82
increased,8,0,8
focus,2,0,2
rsq,1,0,1
uruguay,6,0,6
tools,7,0,7
needed,8,0,8
those,14,5,19
most,28,3,31
vulnerable,15,0,15
baby,5,0,5
boomers,4,0,4
must,20,2,22
tackle,17,0,17
while,7,0,7
can,51,14,65
anonymous,2,0,2
have,44,13,57
enjoyed,2,0,2
peace,3,1,4
large,5,0,5
see,14,8,22
before,15,2,17
disappearà,6,0,6
americas,6,0,6
photos,7,0,7
carbon,34,0,34
offsets,8,0,8
vatican,5,0,5
forest,7,0,7
failed,5,0,5
danlatorre,1,0,1
james,5,0,5
hansenheather,1,0,1
rogers,3,0,3
gone,2,2,4
wrong,3,2,5
false,2,1,3
hope,4,2,6
solutions,12,0,12
pm,2,0,2
bolivia,9,1,10
talks,3,1,4
poor,5,0,5
voice,2,1,3
humanitarian,8,0,8
mslg,1,0,1
humanitynews,3,0,3
next,4,3,7
chapter,1,0,1
lyav,1,0,1
ldf,1,0,1
globalwarming,6,0,6
your,22,8,30
getting,13,1,14
well,9,4,13
awful,1,0,1
legislation,11,0,11
near,4,1,5
need,12,1,13
swamp,1,0,1
sens,1,0,1
lycevlmr,1,0,1
talk,2,2,4
needs,6,3,9
happen,2,1,3
drudge,4,1,5
mag,1,1,2
tw,1,0,1
oxilz,1,0,1
reference,1,0,1
frame,1,0,1
causes,17,2,19
bvajw,1,0,1
mediaglobal,2,0,2
special,2,1,3
tipping,2,0,2
point,10,0,10
earth,49,3,52
day,28,5,33
event,8,0,8
art,4,0,4
mobilize,3,0,3
esm,1,0,1
x,13,1,14
threatens,11,0,11
too,10,1,11
lycbsub,1,0,1
pachauri,3,0,3
insists,2,0,2
behind,2,2,4
remains,2,2,4
totally,3,1,4
valid,2,0,2
delhi,4,0,4
feb,10,1,11
un,9,5,14
inter,3,0,3
governmental,2,0,2
comx,13,4,17
rhz,1,0,1
mary,1,0,1
ellen,1,0,1
harte,2,0,2
john,1,1,2
addressing,6,0,6
winning,2,0,2
war,3,2,5
its,19,2,21
heart,4,0,4
clim,2,0,2
ignatieff,2,0,2
wednesday,4,2,6
make,14,5,19
sure,4,1,5
liberal,2,4,6
mps,2,0,2
vote,4,0,4
pass,2,0,2
ndp,3,0,3
bill,24,2,26
since,4,2,6
man,7,14,21
mother,11,1,12
nature,3,3,6
end,12,2,14
earthquakes,10,0,10
hekla,5,0,5
chaotic,1,0,1
food,7,0,7
security,9,1,10
vietnamnet,1,0,1
bridge,1,0,1
worsening,2,0,2
including,3,0,3
intense,2,0,2
comxc,5,0,5
vr,1,0,1
us,44,6,50
olympics,2,0,2
organisers,1,0,1
desperate,1,0,1
luk,1,0,1
single,4,0,4
thing,21,3,24
face,5,0,5
socmedia,2,0,2
enviro,4,0,4
beardlace,1,0,1
ps,1,0,1
annoys,1,0,1
when,6,7,13
survivalist,1,0,1
types,2,0,2
believe,12,12,24
know,12,8,20
great,10,9,19
excuse,1,1,2
stuff,1,1,2
dougbenson,4,0,4
dear,6,3,9
stupid,9,4,13
these,7,6,13
winter,22,8,30
storms,14,4,18
means,10,0,10
there,20,19,39
no,27,17,44
such,9,2,11
yo,9,5,14
love,9,3,12
shut,4,0,4
up,24,8,32
frederic,1,0,1
hague,1,0,1
pen,1,1,2
isn,10,2,12
alarm,1,0,1
bell,1,0,1
whole,1,0,1
blinking,1,0,1
discotech,1,0,1
kuna,3,0,3
indians,3,0,3
prepare,4,0,4
relocation,3,0,3
traditional,3,0,3
homes,4,0,4
sink,4,1,5
due,20,5,25
whales,6,0,6
ll,6,2,8
lycn,1,1,2
j,6,2,8
tcot,12,31,43
mikerwithcrc,1,0,1
activist,1,1,2
proponent,1,0,1
ian,1,0,1
katz,1,0,1
complains,1,0,1
debate,6,2,8
has,45,13,58
fallen,1,0,1
apart,5,0,5
lybcezbs,1,0,1
tip,2,0,2
tree,4,1,5
birthday,1,0,1
plants,18,0,18
absorb,1,0,1
co,6,4,10
which,8,1,9
rejoice,2,0,2
ny,2,0,2
mentions,2,0,2
crop,4,0,4
wild,4,0,4
relatives,2,0,2
adapting,2,0,2
check,10,1,11
out,14,10,24
organizations,1,0,1
theclimategroup,1,0,1
org,10,2,12
climategroup,1,0,1
guest,1,0,1
column,1,1,2
elliott,1,0,1
denniston,1,0,1
do,25,3,28
joplin,1,0,1
globe,3,2,5
lya,10,0,10
fspi,1,0,1
threatening,1,0,1
montana,2,0,2
economy,8,0,8
examiner,1,1,2
attended,1,0,1
an,36,6,42
excellent,1,0,1
edf,1,0,1
board,1,0,1
meeting,3,1,4
policy,5,2,7
shop,3,0,3
present,4,0,4
challenges,2,1,3
front,1,2,3
hard,4,1,5
hitting,4,0,4
documentry,1,0,1
lydredc,1,0,1
dhs,2,2,4
fossil,4,0,4
fuels,3,0,3
threats,2,0,2
lydlqgdy,1,0,1
rs,1,0,1
cement,7,0,7
made,10,15,25
rice,14,0,14
london,6,0,6
april,17,1,18
increasing,12,0,12
rise,5,1,6
cindsy,1,0,1
icanyssa,1,0,1
mandaahey,1,0,1
lets,1,0,1
please,9,4,13
liat,1,0,1
bumi,1,0,1
udah,1,0,1
kayak,1,0,1
neraka,1,0,1
bocor,1,0,1
wyss,1,0,1
fellow,5,0,5
sierra,1,0,1
nevada,1,0,1
alliance,1,0,1
lydmpyre,1,0,1
diggatomicpoet,1,0,1
digg,3,1,4
driven,2,0,2
ncxg,1,0,1
winds,1,0,1
glfbr,1,0,1
qcd,1,0,1
heavy,2,1,3
snow,25,35,60
events,3,0,3
not,55,19,74
contradiction,1,0,1
theory,2,3,5
ytv,1,0,1
senators,3,0,3
compromise,2,0,2
mo,1,0,1
l,13,5,18
pauline,1,0,1
ma,1,0,1
struggle,3,0,3
against,16,2,18
nigerian,3,0,3
environmentalist,3,0,3
nnimmo,3,0,3
bassey,3,0,3
à,30,2,32
envirolib,1,0,1
create,3,0,3
bipartisan,1,0,1
gsdpd,1,0,1
solve,7,0,7
obama,13,12,25
genius,2,0,2
avoid,4,0,4
everythin,2,0,2
btud,2,0,2
sciencedaily,6,0,6
oceans,8,0,8
reveal,5,0,5
further,6,0,6
acidity,4,0,4
yhs,2,0,2
iceland,15,1,16
angry,1,0,1
lybimjco,1,0,1
today,5,2,7
blog,14,0,14
archive,1,0,1
only,8,8,16
way,15,3,18
greenhous,1,0,1
lyd,18,2,20
efub,1,0,1
document,1,0,1
calls,2,2,4
regimeà,1,0,1
lyddyxmx,1,0,1
spanish,1,0,1
waking,1,0,1
csr,2,0,2
msfu,1,0,1
csrint,1,0,1
soaring,3,0,3
mercury,3,0,3
agartala,3,0,3
apr,17,0,17
environmentalists,3,1,4
attributed,4,0,4
microbes,2,0,2
contribute,10,0,10
less,14,2,16
haven,3,0,3
conn,2,0,2
wv,1,0,1
stakeholders,2,0,2
concerns,2,0,2
western,2,0,2
visayas,1,0,1
gather,2,0,2
two,11,1,12
regional,1,0,1
conf,2,0,2
lydpak,1,0,1
heidiames,1,0,1
favors,1,0,1
invasive,10,0,10
species,10,0,10
over,9,4,13
ones,1,1,2
thoreau,1,0,1
saw,2,0,2
extinct,1,0,1
ecopreservation,1,0,1
wolverine,6,0,6
decline,7,2,9
canada,6,0,6
lywolverinedecline,1,0,1
revenue,1,0,1
neutral,1,0,1
last,5,0,5
psimg,1,0,1
urges,4,0,4
governments,5,1,6
act,13,1,14
brussels,3,0,3
belgium,3,0,3
faces,5,0,5
hunger,3,0,3
thecortez,1,0,1
patterns,6,0,6
weather,31,10,41
warmth,1,0,1
rain,13,0,13
won,5,2,7
pika,6,0,6
lybtyneh,1,0,1
=,8,0,8
financial,2,0,2
risks,5,0,5
so,22,16,38
still,9,9,18
paying,2,1,3
true,2,2,4
costs,4,0,4
their,6,9,15
business,4,0,4
onysr,1,0,1
renewable,6,0,6
advances,2,0,2
saltiness,8,0,8
shows,12,1,13
after,8,5,13
pulling,2,0,2
data,5,9,14
million,6,1,7
salinity,2,0,2
fl,1,0,1
g,13,0,13
andychrism,1,0,1
story,6,1,7
comyycupus,1,0,1
if,14,14,28
researchers,3,0,3
sound,1,0,1
alarmist,1,1,2
bc,4,0,4
alarmed,1,0,1
mail,2,2,4
imneeo,1,0,1
ani,5,0,5
issues,9,0,9
possible,1,0,1
changes,7,0,7
lyb,18,2,20
kvew,1,0,1
democracy,3,0,3
germany,2,0,2
partner,2,0,2
trade,5,1,6
frontline,3,0,3
joseph,1,1,2
huff,1,0,1
hannon,1,0,1
comment,2,0,2
free,7,0,7
gua,1,0,1
mwur,1,0,1
cifamerica,1,0,1
thepetitionsite,1,0,1
comtakeaction,1,0,1
oslo,2,0,2
reuters,15,0,15
main,3,2,5
impact,18,0,18
wa,2,0,2
lydburhs,1,0,1
chrisdodd,1,0,1
ct,1,0,1
support,7,1,8
strong,4,1,5
preliminary,6,0,6
analysis,8,1,9
suggests,6,0,6
natural,10,3,13
gas,11,0,11
far,10,2,12
previously,6,0,6
thought,7,3,10
chemistry,6,0,6
changing,12,0,12
years,9,2,11
killing,4,1,5
canadian,7,0,7
allochthonous,1,0,1
tend,1,0,1
result,2,1,3
processes,1,0,1
economic,6,1,7
social,3,0,3
consequences,2,0,2
hazards,1,0,1
o,19,4,23
protein,1,0,1
might,3,2,5
denton,1,0,1
texas,2,0,2
upi,1,0,1
university,4,0,4
north,1,0,1
scientists,31,9,40
say,13,1,14
cyd,1,0,1
bradplumer,3,0,3
tell,6,5,11
snowpocalypse,6,2,8
tells,2,0,2
lycywhly,1,0,1
affects,4,0,4
subterranean,2,0,2
ecosystems,5,0,5
above,2,0,2
ground,10,2,12
higher,10,0,10
concentration,2,0,2
remain,4,0,4
effective,7,0,7
tackling,12,0,12
egeemnz,1,0,1
mrdannyglover,1,0,1
cochabamba,7,0,7
ford,1,0,1
unveil,1,0,1
cj,2,0,2
w,20,7,27
massachusetts,1,0,1
positioned,1,0,1
steep,1,0,1
reductions,1,0,1
jldk,1,0,1
sejorg,3,0,3
jaymiheimbuch,3,0,3
intensifying,8,0,8
cycle,5,0,5
cara,2,0,2
mertes,2,0,2
stranded,2,0,2
weekend,3,0,3
sneak,2,0,2
preview,2,0,2
adapt,3,1,4
ryannewyork,3,0,3
gulf,7,0,7
spill,6,0,6
better,8,3,11
some,16,7,23
momentum,5,0,5
bigger,4,0,4
tragedy,5,0,5
even,17,4,21
aware,4,0,4
yet,7,3,10
shouldn,1,0,1
fall,4,2,6
victim,1,0,1
immigration,3,1,4
reform,2,0,2
mzll,1,0,1
buenetwork,1,0,1
lyces,2,0,2
qn,2,0,2
vladimir,1,0,1
redstate,1,0,1
gl,5,0,5
sq,2,0,2
includes,1,0,1
charts,2,0,2
ask,7,3,10
pablo,1,0,1
lybz,1,0,1
fqj,1,0,1
missmya,1,0,1
many,5,0,5
pollution,13,2,15
planetary,1,0,1
alignments,1,0,1
hv,2,0,2
big,8,1,9
influence,3,0,3
aspects,2,0,2
life,3,1,4
cousteau,1,0,1
spreads,1,0,1
message,9,5,14
hobart,1,0,1
repeating,1,0,1
his,2,9,11
father,2,0,2
warnings,2,0,2
abc,3,0,3
lybwagvt,1,0,1
huffpo,2,0,2
huffington,2,0,2
post,13,0,13
blogger,2,0,2
dk,6,0,6
matai,6,0,6
bio,3,0,3
him,2,2,4
engineer,1,0,1
tu,1,0,1
lydq,1,0,1
iui,1,0,1
something,6,3,9
done,6,3,9
temperatures,6,0,6
affecting,4,0,4
proof,8,4,12
fm,1,0,1
wj,1,0,1
effect,7,0,7
organic,5,0,5
farming,1,0,1
rqht,1,0,1
nd,2,2,4
eruption,4,1,5
let,5,2,7
year,7,6,13
struck,2,0,2
back,11,3,14
spills,2,0,2
prince,1,0,1
charles,3,0,3
skeptics,2,6,8
liars,1,0,1
lydmkiml,1,0,1
houston,1,3,4
chronicle,1,0,1
heat,15,2,17
goes,1,1,2
blitz,1,0,1
skep,1,0,1
mqpp,1,0,1
pro,1,0,1
cold,6,7,13
negates,1,0,1
show,6,3,9
little,4,1,5
topic,1,0,1
china,14,0,14
active,4,0,4
says,21,3,24
vic,1,0,1
+,2,0,2
mine,1,3,4
alt,1,0,1
indiaenvportal,1,0,1
cloud,7,0,7
computing,5,0,5
contribution,2,0,2
environmentportal,2,0,2
innode,2,0,2
namibia,1,0,1
govt,1,0,1
much,13,10,23
michael,3,5,8
scott,3,0,3
pauljimerson,1,0,1
first,8,1,9
www,2,0,2
orgbolivia,1,0,1
maria,1,0,1
rodale,1,0,1
nursery,1,0,1
planting,2,0,2
early,11,1,12
given,3,0,3
tocxplnj,1,0,1
fedele,1,0,1
bauccio,1,0,1
combating,4,0,4
meal,1,0,1
week,6,0,6
americans,7,0,7
celebrate,3,0,3
th,4,2,6
anniver,1,0,1
jpn,1,0,1
mark,3,1,4
somerfield,1,0,1
caused,8,4,12
excess,2,0,2
lycndjvb,1,0,1
aids,1,0,1
mosquitofish,1,0,1
warmer,3,0,3
associated,4,0,4
speed,12,1,13
noreenahertz,2,0,2
mpondfieldhow,2,0,2
afford,2,0,2
read,10,2,12
msdocid,2,0,2
ajbg,3,0,3
exclusive,7,0,7
raise,9,1,10
cost,13,0,13
eu,10,1,11
cq,2,0,2
seasonal,6,0,6
mhri,1,0,1
republicans,3,0,3
oppose,4,0,4
sense,5,3,8
efforts,5,1,6
red,4,0,4
california,10,1,11
academy,1,0,1
sciences,3,0,3
mx,1,0,1
calacademy,1,0,1
wheat,5,0,5
production,9,0,9
india,11,1,12
ludhiana,5,0,5
scarcity,5,0,5
transforming,5,0,5
arctic,27,1,28
environment,12,0,12
expected,6,1,7
enn,2,0,2
comecosystemsarticle,1,0,1
fronts,10,0,10
gdbit,4,0,4
saveterra,14,0,14
proble,1,0,1
lydbkxch,1,0,1
royal,2,0,2
society,4,1,5
stunner,2,0,2
hazardous,5,0,5
geosphere,2,0,2
linked,8,1,9
periods,2,0,2
exceptional,2,0,2
chan,2,0,2
palin,4,3,7
dismisses,1,0,1
bunch,1,1,2
snake,1,1,2
then,6,5,11
again,2,3,5
she,2,0,2
probably,2,1,3
believes,2,0,2
jesus,1,2,3
rode,1,0,1
dinosaur,1,0,1
africa,26,0,26
continent,4,0,4
gets,5,2,7
billion,6,2,8
combat,12,0,12
ew,1,0,1
iz,2,0,2
meteorology,1,0,1
services,3,0,3
gear,1,0,1
lyafrapn,2,0,2
smh,1,0,1
heather,2,0,2
joins,2,0,2
expert,5,1,6
hansen,2,0,2
lyat,2,0,2
cgk,1,0,1
earthday,11,1,12
affect,7,0,7
patient,3,0,3
symptoms,3,0,3
case,9,1,10
studies,1,0,1
research,7,1,8
overview,2,0,2
hows,1,0,1
whats,1,0,1
whys,1,0,1
usbhguwc,1,0,1
lilferret,2,0,2
hey,4,5,9
came,2,0,2
kinds,2,0,2
ideas,4,0,4
fixing,8,0,8
loved,2,0,2
my,12,10,22
environmentalism,2,0,2
class,5,0,5
sighs,2,1,3
does,11,3,14
disprove,6,0,6
dishonest,1,0,1
briandevine,1,0,1
andrewbreitbart,1,0,1
bet,1,0,1
disproves,3,1,4
idiot,1,1,2
kw,1,0,1
clean,13,0,13
view,4,1,5
newest,1,0,1
blow,1,0,1
rush,1,1,2
impose,1,1,2
draconian,1,0,1
regulations,1,0,1
warmi,1,0,1
lyarcddg,1,0,1
comxb,4,0,4
identifies,2,0,2
diseases,2,0,2
affctd,2,0,2
once,3,3,6
inclde,2,0,2
mental,4,0,4
evrything,2,0,2
stake,5,0,5
lyapyoic,1,0,1
making,7,1,8
waves,8,0,8
agreement,1,0,1
uuke,1,0,1
lives,5,1,6
treehugger,8,0,8
gis,1,0,1
forester,1,0,1
reading,3,1,4
interesting,5,0,5
immkl,1,0,1
forestry,1,0,1
budburst,2,0,2
volunteers,2,0,2
look,12,1,13
ten,5,0,5
wanted,3,3,6
assess,2,0,2
clues,4,0,4
lybdlpvw,2,0,2
progress,1,1,2
complete,1,0,1
modern,2,0,2
lyck,1,0,1
hy,2,0,2
inh,1,0,1
e,16,1,17
likely,7,0,7
slow,7,0,7
vast,3,0,3
lycutiiv,1,0,1
topography,5,0,5
mountains,6,0,6
complicate,5,0,5
rates,5,0,5
lyca,1,0,1
bom,1,0,1
ms,5,0,5
nbc,1,0,1
brewer,1,0,1
snowfall,3,2,5
proves,3,3,6
lycjm,1,0,1
xp,1,0,1
australia,4,0,4
drought,5,0,5
long,5,1,6
standing,1,0,1
arises,1,0,1
lyaaclxa,1,0,1
wisconsin,2,0,2
scaled,2,0,2
unveiled,1,0,1
revised,1,0,1
state,9,4,13
unveile,1,0,1
lybsorwh,1,0,1
episcopalrelief,2,0,2
bishop,2,0,2
lane,2,0,2
episcopal,2,0,2
dio,2,1,3
maine,3,0,3
issue,10,0,10
bangor,2,0,2
daily,5,0,5
nws,2,0,2
lycwy,1,0,1
b,17,1,18
addthis,1,0,1
lybsvevw,1,0,1
mimidancer,1,0,1
also,3,2,5
colder,3,0,3
doesn,8,3,11
mean,5,4,9
off,7,0,7
secondly,1,0,1
approve,1,0,1
hoth,1,0,1
mk,2,0,2
fragrant,1,0,1
release,2,0,2
chems,1,0,1
lydw,1,0,1
wqq,1,0,1
bbcscitech,1,0,1
climatebuzz,1,0,1
move,2,1,3
forward,1,0,1
negotiations,1,0,1
inlw,1,0,1
military,2,0,2
leads,5,1,6
igz,1,0,1
tk,3,0,3
envnewsnet,1,0,1
delay,1,0,1
lydgwtf,1,0,1
hiding,2,0,2
maple,3,0,3
syrup,3,0,3
burning,2,0,2
releases,6,0,6
ca,4,2,6
si,1,0,1
f,8,3,11
greennet,3,0,3
internet,4,1,5
exozj,2,0,2
developed,3,0,3
countries,3,0,3
set,5,2,7
comygynf,1,0,1
ben,2,0,2
verwaayen,1,0,1
curb,1,1,2
wgofnyc,3,0,3
leader,4,0,4
abt,7,0,7
r,14,4,18
bit,4,1,5
gdzrw,3,0,3
lybmftc,1,0,1
moral,1,0,1
authority,1,0,1
takeaway,1,0,1
geo,1,0,1
eng,1,0,1
lot,1,1,2
runaway,1,0,1
jbg,2,0,2
disagreeing,1,0,1
majority,1,1,2
accepts,1,0,1
reality,2,1,3
deadly,6,0,6
suspect,2,0,2
contributing,2,0,2
strange,3,0,3
deaths,4,0,4
birds,16,0,16
acidic,2,0,2
warn,1,0,1
msnbc,3,0,3
mvnu,1,0,1
savemyearth,1,0,1
qfp,2,0,2
proposed,3,1,4
grow,6,0,6
number,3,0,3
looking,2,1,3
media,4,3,7
material,2,0,2
human,12,1,13
witness,2,0,2
stories,2,1,3
fsmv,2,0,2
wwf,9,0,9
darn,1,0,1
doin,1,0,1
where,6,15,21
extended,1,0,1
summer,4,1,5
vacation,3,1,4
carbonenvironmental,1,0,1
footprint,1,1,2
calculators,1,0,1
teaching,2,0,2
lylo,1,0,1
wil,1,0,1
burns,2,0,2
lycoowit,4,0,4
brad,1,0,1
delong,2,0,2
prescription,1,0,1
battling,2,0,2
bradford,1,0,1
posted,4,0,4
plea,1,0,1
lyczdew,1,0,1
nytimes,4,1,5
sets,1,1,2
statewide,1,0,1
network,1,0,1
monitor,1,0,1
gases,2,0,2
comuedy,1,0,1
mid,3,0,3
download,1,0,1
animations,1,0,1
rebrd,1,0,1
bw,2,0,2
sign,15,5,20
been,10,10,20
hit,8,1,9
taking,3,0,3
migration,9,0,9
sooner,1,0,1
migrating,2,0,2
travel,4,0,4
jgqn,1,0,1
greenpeac,2,0,2
lycqczsj,1,0,1
dcseth,2,0,2
oh,2,4,6
god,3,1,4
denier,4,0,4
feel,11,0,11
already,10,1,11
organicnewyork,2,0,2
record,5,6,11
highs,2,0,2
spring,11,2,13
trouble,3,0,3
sun,5,1,6
lyavwfkq,1,0,1
portal,1,0,1
birth,1,0,1
entirely,1,0,1
industries,1,0,1
lbwm,1,0,1
realdocwatson,2,0,2
go,3,5,8
antarctica,6,0,6
claim,2,0,2
like,16,12,28
florida,4,0,4
few,4,1,5
government,6,3,9
suggest,1,1,2
agency,7,3,10
fuzzy,1,0,1
hubs,1,0,1
deal,8,0,8
mass,1,0,1
extinctions,1,0,1
brought,1,0,1
lycrplk,1,0,1
jerrymander,1,0,1
kos,1,0,1
ecojustice,1,0,1
systems,2,0,2
violence,1,0,1
lybbxekb,1,0,1
elected,2,0,2
kerry,4,1,5
graham,3,5,8
lieberman,2,0,2
kgl,1,0,1
thedailygreen,1,0,1
mpadukuk,1,0,1
top,4,0,4
official,2,1,3
defends,2,0,2
conclusions,1,0,1
landmark,2,0,2
centre,1,0,1
gtncg,1,0,1
effectively,2,0,2
siliconindia,2,0,2
account,8,0,8
forgot,2,0,2
password,2,0,2
reset,2,0,2
usw,1,0,1
among,3,0,3
unions,2,0,2
st,2,1,3
endorse,1,0,1
bm,2,0,2
ugh,1,0,1
demands,1,0,1
creation,1,0,1
court,1,0,1
tiquipaya,1,0,1
comxbrtx,1,0,1
someone,7,4,11
fb,3,0,3
myth,2,2,4
calling,2,1,3
moron,1,0,1
productive,1,0,1
floor,2,0,2
populations,2,0,2
organisms,2,0,2
despite,7,1,8
oxygen,4,0,4
depletion,2,0,2
nudj,1,0,1
lessons,2,0,2
quix,1,0,1
quixotecenter,2,0,2
uw,5,0,5
biologist,5,0,5
links,9,0,9
blooms,5,0,5
effort,2,0,2
remake,2,0,2
america,5,2,7
harmed,2,0,2
spurred,2,0,2
oilspill,2,0,2
soon,3,0,3
vhx,1,0,1
lydbh,1,0,1
lu,1,0,1
temperature,10,0,10
sea,8,0,8
level,13,0,13
kuala,3,0,3
lumpur,3,0,3
malaysia,3,0,3
average,5,1,6
risen,3,0,3
solveclimate,1,1,2
feeling,2,0,2
comes,8,0,8
erwin,1,0,1
jackson,1,1,2
institute,1,0,1
missing,5,0,5
mqtn,1,0,1
stephanbecker,1,0,1
comxbklb,1,0,1
mpht,1,0,1
overwhelming,2,0,2
evidence,11,6,17
teaparty,3,6,9
beck,1,0,1
gop,6,6,12
am,6,3,9
nip,1,0,1
released,5,1,6
unequivocal,5,0,5
brian,2,0,2
merchant,2,0,2
brooklyn,2,0,2
ne,4,0,4
key,8,0,8
rapid,2,0,2
expansion,2,0,2
sizable,2,0,2
ratigan,2,0,2
predictions,3,0,3
snowpocalypses,1,0,1
lyaciigz,1,0,1
invasivenotes,4,0,4
rarewildlifeguy,1,0,1
changed,2,0,2
poverty,10,0,10
vulnerability,7,0,7
ethiopia,6,0,6
mvqr,1,0,1
rural,2,0,2
ipja,1,0,1
reasons,6,0,6
statistics,1,0,1
would,8,6,14
catastrophic,2,0,2
persons,1,0,1
unemployment,2,0,2
every,1,2,3
several,1,0,1
decades,5,0,5
lydcjulz,1,0,1
ancient,1,0,1
weapons,1,0,1
emerge,1,0,1
melting,7,1,8
wow,4,1,5
positive,2,0,2
side,3,0,3
reclaim,1,0,1
dry,1,0,1
land,3,0,3
ericboehlert,3,0,3
freak,2,0,2
owillis,1,0,1
tlw,1,0,1
consistent,3,0,3
telegraph,1,1,2
lybddtsb,1,0,1
without,2,1,3
solar,8,0,8
minimum,1,0,1
imply,1,0,1
ppl,2,1,3
angaus,1,0,1
wh,1,0,1
director,2,0,2
browner,1,0,1
tremendous,1,0,1
opportunities,1,0,1
natgas,1,0,1
cakq,1,0,1
inspected,1,0,1
mtbp,1,0,1
rangerrickmag,1,0,1
driver,2,0,2
development,3,0,3
listen,2,0,2
uytgl,1,0,1
blamed,2,1,3
coastal,3,0,3
whale,6,0,6
dwindles,2,0,2
ventura,2,0,2
county,2,0,2
abu,1,0,1
dhabi,1,0,1
flood,2,0,2
threat,14,1,15
culture,2,0,2
arabia,1,0,1
winnipeg,1,0,1
manitoba,1,0,1
lyag,1,0,1
bo,1,1,2
nw,1,0,1
frightened,2,0,2
nuclear,2,0,2
power,3,2,5
least,2,2,4
various,1,0,1
tulips,1,0,1
chicago,2,1,3
lyi,1,0,1
qg,2,0,2
lfhip,1,0,1
begins,1,0,1
almost,1,1,2
weeks,1,1,2
earlier,4,0,4
lybphiit,1,0,1
hotter,3,0,3
demvdaycards,1,0,1
adam,2,0,2
sort,1,0,1
beside,1,0,1
acting,1,0,1
storm,4,5,9
atlantic,5,0,5
milesgrant,2,0,2
climategate,2,11,13
nowhere,1,0,1
started,3,0,3
glaciergate,1,0,1
teh,1,0,1
truth,1,1,2
blizzard,5,4,9
certainly,1,0,1
argument,1,0,1
actually,6,0,6
usblf,1,0,1
se,2,0,2
asia,2,0,2
mn,2,0,2
cuddlendance,1,0,1
chioxfamaction,1,0,1
affected,1,0,1
disasters,1,1,2
added,1,0,1
patrick,1,0,1
parenteau,1,0,1
vermont,1,0,1
school,1,1,2
webinar,1,0,1
disclosing,2,0,2
lyarb,1,0,1
gc,1,0,1
problems,3,0,3
larger,3,0,3
lyecoeconomics,1,0,1
ecointeractive,4,0,4
disrupting,2,0,2
air,29,3,32
lyajozgb,1,0,1
mims,1,0,1
aaron,1,0,1
morris,1,0,1
heard,3,0,3
mphx,1,0,1
paulo,1,0,1
economists,2,0,2
bqtj,1,0,1
goinggreengone,1,0,1
nine,2,1,3
awesome,2,0,2
ways,8,0,8
fun,2,1,3
cooler,1,0,1
planetsure,1,0,1
alarming,1,0,1
con,2,1,3
drug,4,0,4
discovery,4,0,4
technique,4,0,4
battle,6,0,6
lydp,1,0,1
comxbr,1,0,1
currents,4,0,4
nasa,10,1,11
discovered,2,0,2
ominous,1,0,1
home,2,1,3
seen,1,1,2
appspot,1,0,1
clarksonuniv,1,0,1
grant,3,0,3
enable,2,0,2
clarkson,1,0,1
nyserda,1,0,1
improve,1,0,1
education,2,0,2
hji,1,0,1
worsen,3,0,3
ipdju,1,0,1
implicated,4,0,4
shortened,4,0,4
bird,7,0,7
codex,2,0,2
alexia,2,0,2
parks,3,0,3
thousands,3,2,5
perhaps,3,0,3
millions,2,0,2
consc,1,0,1
xw,1,0,1
kp,2,0,2
epa,9,1,10
indicators,8,0,8
resources,4,0,4
defense,2,0,2
counc,2,0,2
lyabm,1,0,1
melts,3,1,4
glaciers,4,0,4
billings,2,0,2
mont,2,0,2
lost,2,0,2
namesake,2,0,2
gallon,1,0,1
creates,1,1,2
lbs,1,0,1
dioxide,2,0,2
major,4,3,7
contributor,1,0,1
recycle,1,0,1
black,3,1,4
own,3,1,4
mines,1,0,1
lycg,1,0,1
industrial,6,0,6
nations,8,1,9
mind,1,1,2
maps,1,0,1
lycnrt,1,0,1
v,3,2,5
tobacco,1,0,1
merchants,1,0,1
doubt,5,0,5
undermined,1,0,1
mrxy,1,0,1
thephoenixsun,1,0,1
concl,3,0,3
fifty,1,0,1
ago,5,3,8
was,9,11,20
preaching,1,0,1
rkvi,1,0,1
extend,3,0,3
tm,1,0,1
amazon,2,1,3
rainforest,1,0,1
lrvk,1,0,1
mongabay,1,0,1
denial,6,0,6
crock,2,0,2
k,11,1,12
yih,1,0,1
wwfus,3,0,3
veterans,1,0,1
organization,1,0,1
scnow,1,0,1
politext,1,0,1
robin,1,0,1
hood,1,0,1
tax,1,2,3
fabianpattberg,1,0,1
lyik,1,0,1
honorthysowbug,1,0,1
degrading,1,0,1
nu,2,0,2
gg,1,0,1
eaarth,3,0,3
stay,3,2,5
eastern,3,0,3
himalayas,3,0,3
lycdr,2,0,2
xj,2,0,2
southern,9,1,10
hemisphere,1,0,1
had,5,0,5
hottest,1,0,1
temps,6,0,6
greenhour,1,0,1
cubeyond,2,0,2
wlliam,2,0,2
lau,2,0,2
happening,3,0,3
matter,2,0,2
causing,12,2,14
chapmanu,2,0,2
lybqrlwe,1,0,1
european,7,0,7
firms,1,0,1
windfall,1,0,1
berlin,1,0,1
ips,2,0,2
fail,1,2,3
lybngfsn,1,0,1
increasingly,4,2,6
corporations,1,0,1
concluding,1,0,1
betting,1,0,1
mpaaum,1,0,1
same,5,0,5
ol,2,0,2
walden,2,0,2
pond,2,0,2
anymore,3,0,3
altered,1,0,1
thorea,3,0,3
hideaway,1,0,1
rppq,1,0,1
mau,3,0,3
province,2,0,2
southernmost,1,0,1
localities,1,0,1
forcing,1,0,1
specific,1,0,1
arct,1,0,1
epgq,1,0,1
nationalizing,1,0,1
necessary,1,0,1
aei,1,0,1
turn,1,1,2
inuits,1,0,1
lyct,2,0,2
mg,1,0,1
gemswinc,2,0,2
neighbors,1,0,1
inspiring,1,0,1
each,2,0,2
ghost,1,0,1
midnight,1,0,1
lxob,1,0,1
frontporchforum,1,0,1
gqobz,1,0,1
fighting,14,1,15
glfbshq,1,0,1
ogdyi,10,0,10
sierraclub,10,0,10
zener,1,0,1
advise,2,0,2
everyone,2,1,3
thinks,4,1,5
dead,2,2,4
buy,1,1,2
oceanfront,1,0,1
property,3,2,5
ya,1,0,1
luza,1,0,1
allocation,1,0,1
implications,2,0,2
ceol,1,0,1
allgov,1,0,1
badà,1,0,1
frozen,2,1,3
reaches,1,0,1
participants,1,0,1
lead,4,0,4
drag,1,1,2
feet,3,0,3
lycqgbte,1,0,1
esuz,1,0,1
intel,1,0,1
assessments,1,0,1
compare,1,0,1
surprisingly,1,0,1
kxhl,1,0,1
japanese,1,0,1
gov,2,4,6
asks,1,0,1
toyota,1,0,1
investigate,1,1,2
complaints,1,0,1
cars,1,0,1
lybygneg,1,0,1
transportation,2,0,2
alisa,2,0,2
opar,2,0,2
satellites,2,0,2
captur,2,0,2
cute,1,0,1
mention,2,0,2
denialist,1,0,1
sends,1,0,1
finnish,1,0,1
newspaper,4,0,4
purportedly,1,0,1
refuting,1,0,1
lybklu,1,0,1
h,4,1,5
cochabama,1,0,1
jz,2,0,2
chilling,1,0,1
cooling,4,3,7
heated,3,1,4
rhetoric,1,1,2
around,13,0,13
interwebs,1,0,1
ze,1,0,1
hedge,1,0,1
beaa,1,0,1
felixsalmon,1,0,1
products,1,0,1
bezl,1,0,1
vattenfall,2,0,2
ceo,2,1,3
being,3,0,3
lone,2,0,2
wolf,2,0,2
lybpkwzc,2,0,2
magmatic,1,0,1
he,2,7,9
told,1,0,1
ash,7,0,7
trigger,7,0,7
spark,3,0,3
ws,1,0,1
noreen,2,0,2
snowstorms,7,0,7
yup,2,1,3
idiotic,2,0,2
lybzv,2,0,2
lybtyohc,2,0,2
common,1,1,2
distortions,1,1,2
exposed,1,0,1
frogblog,1,0,1
mspr,1,0,1
nzgreens,1,0,1
pat,1,0,1
mooney,1,0,1
dangers,1,0,1
geoengineering,2,0,2
manipulating,1,0,1
p=,2,0,2
gathering,2,0,2
crisis,3,2,5
presented,3,0,3
cn,1,0,1
todhushj,1,0,1
qvt,1,0,1
damn,2,0,2
caps,7,2,9
turning,2,0,2
tundra,1,0,1
mess,1,0,1
league,2,0,2
baseball,2,0,2
teams,2,0,2
throw,2,0,2
curve,2,0,2
mqlk,1,0,1
cleantechnica,1,0,1
groups,6,0,6
praise,4,0,4
basic,4,1,5
giving,2,0,2
qualified,2,0,2
soil,2,0,2
underestimated,1,0,1
lwhq,1,0,1
rareplanet,1,0,1
polar,6,1,7
sheets,7,0,7
moderate,6,0,6
orleans,5,0,5
gsyeg,5,0,5
actress,1,0,1
q,7,1,8
orianka,1,0,1
kilcher,1,0,1
activism,1,0,1
public,4,8,12
figures,1,0,1
celebrities,1,0,1
responsibility,1,0,1
lycy,3,0,3
cancer,3,0,3
comxbo,1,0,1
latest,5,1,6
weapon,3,0,3
lyabwp,1,0,1
absorbing,4,0,4
varied,1,0,1
entire,3,0,3
comyj,1,0,1
ptnt,1,0,1
irish,2,0,2
led,3,0,3
manufacturer,1,0,1
nualight,1,0,1
raises,1,0,1
funding,1,2,3
round,1,0,1
capital,1,0,1
xrk,1,0,1
alexi,1,0,1
giannoulias,1,0,1
putting,1,0,1
price,2,0,2
pollutants,2,0,2
spur,1,0,1
technology,4,0,4
ilsen,1,0,1
agree,1,4,5
closer,3,0,3
de,1,0,1
gotten,2,0,2
discussion,5,0,5
student,2,1,3
nothing,2,0,2
fault,2,0,2
los,2,0,2
angeles,2,0,2
giant,5,0,5
squid,2,0,2
invasion,2,0,2
tz,1,0,1
shore,1,0,1
drilling,2,0,2
contributes,2,0,2
urge,1,0,1
expand,1,0,1
iwya,1,0,1
rather,3,0,3
amused,1,0,1
wryly,1,0,1
refer,1,0,1
consequence,1,0,1
pretty,1,0,1
min,1,1,2
breakdown,1,0,1
estimated,1,0,1
habits,1,0,1
alexlundry,1,0,1
tempted,1,0,1
unfollow,1,0,1
anyone,2,2,4
conflates,1,0,1
snomg,1,3,4
skepticism,1,1,2
theagu,1,0,1
illuminating,1,0,1
nyc,3,3,6
organized,1,0,1
earthinstitute,1,0,1
lycyv,1,0,1
cleaner,14,0,14
intensify,3,0,3
marked,2,0,2
past,3,0,3
epsomguardian,1,0,1
photo,4,1,5
exhibition,1,0,1
highlight,2,0,2
celebrity,1,0,1
filled,1,0,1
showcase,1,0,1
aimed,1,1,2
climat,1,0,1
gwuk,1,0,1
mpf,1,0,1
healthfreaks,1,0,1
hdso,1,0,1
goodclimatejm,1,0,1
part,13,0,13
three,1,0,1
series,2,0,2
communicating,1,0,1
lyfh,1,0,1
uvc,1,0,1
connote,1,0,1
physical,1,0,1
evolution,4,1,5
lynbw,1,0,1
causecast,1,0,1
farms,2,0,2
went,1,0,1
rest,1,0,1
easy,1,0,1
things,4,0,4
muvox,1,0,1
retrain,1,0,1
workers,1,0,1
jobs,3,1,4
perfect,2,0,2
factors,1,0,1
massing,1,0,1
dohkw,1,0,1
lyatchok,1,0,1
pew,2,0,2
center,1,0,1
federal,5,1,6
leadership,2,0,2
adaptation,1,0,1
lybuyu,1,0,1
steps,2,0,2
small,5,0,5
simple,1,1,2
reminding,1,0,1
computer,1,1,2
users,1,0,1
workin,1,0,1
lyduqak,1,0,1
extreme,6,0,6
scientist,4,1,5
dr,5,0,5
amanda,1,0,1
staudt,1,0,1
iwhsq,1,0,1
old,2,1,3
speaks,1,1,2
palace,1,0,1
theater,1,0,1
alec,1,0,1
loorz,1,0,1
presentations,1,0,1
stossel,1,0,1
high,5,0,5
worlds,2,0,2
lydturlg,1,0,1
libertarian,1,0,1
tlot,1,6,7
daniel,2,0,2
esty,2,0,2
bringing,2,1,3
greenhouse,4,0,4
emissions,5,1,6
system,5,0,5
tr,2,0,2
btrl,1,0,1
truly,1,2,3
negatively,2,0,2
destructive,1,0,1
dmi,1,0,1
suspects,2,1,3
rusty,2,0,2
blackbirds,2,0,2
plummeting,2,0,2
numbers,3,2,5
dallas,1,0,1
morning,2,3,5
ofjj,1,0,1
swampschool,1,0,1
paat,1,0,1
unlikely,5,0,5
lyafiiu,1,0,1
bbc,2,2,4
physicist,1,0,1
discovers,1,0,1
teleport,1,0,1
lybqi,1,0,1
heritage,1,0,1
lyalkbne,1,0,1
donà,2,0,2
kill,4,0,4
accountability,3,0,3
professor,3,1,4
perspective,2,0,2
concerned,2,0,2
connecticut,2,0,2
brings,3,0,3
renewal,2,0,2
hot,3,1,4
mncb,1,0,1
ighih,1,0,1
matthews,1,0,1
cameron,1,0,1
trash,1,0,1
dangerous,1,0,1
geoffrey,1,0,1
dickens,1,0,1
archiv,1,0,1
lyczya,1,0,1
denied,1,0,1
protection,2,0,2
fish,2,0,2
service,3,1,4
hurting,2,0,2
po,1,0,1
lyasui,1,0,1
literature,1,0,1
washington,11,9,20
leaves,5,0,5
blast,2,0,2
wi,1,0,1
al,2,33,35
gore,3,37,40
doubters,7,0,7
comxbhwq,1,0,1
labels,1,0,1
leading,2,0,2
lycz,1,0,1
stefanweitz,1,0,1
yeha,1,0,1
orgs,1,0,1
budget,2,0,2
best,4,0,4
spent,1,0,1
advertising,1,0,1
instead,6,0,6
chng,1,0,1
asthma,2,0,2
hardest,2,0,2
climatewire,2,0,2
contessabrewer,1,0,1
newsbusters,3,1,4
refute,4,0,4
vy,1,0,1
bats,10,0,10
lizards,8,0,8
role,5,0,5
cl,3,0,3
hqi,1,0,1
jvwb,1,0,1
beneficiaries,1,0,1
woods,1,0,1
lydtkebp,1,0,1
nprscience,1,0,1
prajvq,1,0,1
braces,2,0,2
states,4,0,4
mitigating,2,0,2
lybkt,1,0,1
jv,1,0,1
helping,2,0,2
hrs,1,0,1
ist,1,0,1
pti,1,0,1
eyjqk,1,0,1
xhcrb,1,0,1
keepers,2,0,2
logbooks,2,0,2
shed,1,0,1
light,5,0,5
lighthouse,1,0,1
studied,2,1,3
comxakzo,1,0,1
wait,4,2,6
reminder,1,0,1
weird,2,1,3
wet,1,0,1
snowbombs,1,0,1
mpb,1,0,1
wurv,1,0,1
days,6,3,9
shown,1,0,1
full,1,4,5
legged,1,0,1
animals,2,0,2
behave,1,0,1
sensibly,1,0,1
lydfi,2,0,2
es,2,0,2
bruces,1,0,1
hmmm,1,2,3
buried,1,1,2
lede,1,0,1
review,1,0,1
yesterday,1,0,1
discussions,1,0,1
ynv,1,0,1
rebekah,1,0,1
mintzer,1,0,1
npr,1,0,1
friday,1,0,1
lyac,2,0,2
cz,1,0,1
peeps,2,0,2
waiting,9,0,9
game,2,0,2
comybqbsv,1,0,1
happy,1,0,1
cfr,1,0,1
offers,3,1,4
background,1,0,1
lydjzori,1,0,1
sucks,1,0,1
lyades,1,0,1
annual,1,0,1
cited,1,0,1
another,5,8,13
lycr,2,0,2
mnf,1,0,1
ccx,2,0,2
member,2,2,4
motorola,2,0,2
working,4,2,6
solution,4,0,4
challenge,2,1,3
ngs,1,0,1
minister,1,0,1
step,3,0,3
lycbrpkb,1,0,1
gsorensen,1,0,1
warning,4,1,5
severity,1,0,1
jerryjamesstone,2,0,2
alaska,5,2,7
pics,3,0,3
exclusively,2,0,2
heavier,1,0,1
precipitation,1,0,1
theories,1,3,4
ing,2,0,2
bto,1,0,1
nrdc,2,0,2
lydrenq,1,0,1
responses,1,0,1
complex,1,0,1
luqa,1,0,1
balmeras,1,0,1
loveearthalways,1,0,1
predicted,2,0,2
models,1,0,1
eln,1,0,1
comxbqhb,1,0,1
planes,1,0,1
stevecockburn,1,0,1
ge,1,2,3
visit,1,1,2
voteglobal,1,0,1
uk,4,0,4
hustings,1,0,1
follow,1,1,2
bomb,2,0,2
awaiting,2,0,2
ha,2,3,5
found,1,1,2
pollen,2,0,2
count,2,0,2
lycuz,1,0,1
vlo,1,0,1
person,5,0,5
degrees,3,3,6
surprise,2,0,2
win,3,0,3
spots,2,0,2
becoming,2,0,2
landscape,2,0,2
threatened,3,0,3
mining,2,0,2
hazard,2,0,2
population,5,3,8
received,1,0,1
fat,1,2,3
checks,1,0,1
exxonmobil,2,0,2
corp,1,0,1
lzqcy,1,0,1
wishing,1,0,1
boliviaun,2,0,2
threaten,1,0,1
coral,1,0,1
lybxftxz,1,0,1
comxaw,1,0,1
scenarios,1,0,1
imminent,1,4,5
apocalypseà,1,0,1
milieunet,2,0,2
glz,2,0,2
ka,2,0,2
ty,1,0,1
clear,4,0,4
package,1,0,1
although,1,0,1
prob,1,0,1
el,5,0,5
nino,1,0,1
yr,1,1,2
wires,1,0,1
available,1,0,1
online,4,1,5
usbhgrjo,1,0,1
af,1,0,1
demand,5,0,5
join,2,0,2
thisisourmoment,1,0,1
lybwdupu,1,0,1
buying,3,2,5
ease,3,0,3
guilt,3,0,3
bear,1,0,1
nunavut,1,0,1
listed,1,0,1
critical,1,0,1
danger,3,0,3
lyaciae,1,0,1
lol,3,4,7
conservalidity,1,0,1
lycll,2,0,2
li,2,0,2
scarcely,2,0,2
any,4,4,8
powder,2,0,2
vancouver,7,0,7
baltimor,1,0,1
lyala,1,0,1
worldà,1,0,1
youtube,3,2,5
stats,2,0,2
ama,2,0,2
cbs,2,0,2
mqj,1,0,1
moraqeb,1,0,1
comxbbiv,1,0,1
build,1,0,1
msip,1,0,1
thermal,1,0,1
application,1,0,1
pdigaudio,1,0,1
hdt,1,0,1
ericbolling,1,0,1
update,3,0,3
cont,2,2,4
accuweather,1,0,1
comregional,1,0,1
asp,1,0,1
region=eastusnews,1,0,1
britain,1,0,1
concern,1,1,2
leftist,1,0,1
voters,1,1,2
guardian,3,0,3
election,2,2,4
dept,4,0,4
declares,4,0,4
primarily,4,0,4
induced,4,0,4
lyadhl,1,0,1
breaking,2,1,3
tips,2,0,2
require,2,0,2
rad,1,0,1
lydareyr,1,0,1
noaa,3,1,4
tackles,2,0,2
eweek,1,0,1
newsnoaa,1,0,1
changeeweekresponding,1,0,1
clima,3,0,3
lycdk,1,0,1
divespot,1,0,1
incontrove,1,0,1
lydbjniu,1,0,1
send,1,1,2
email,1,0,1
goody,1,0,1
hominids,1,0,1
adapted,1,0,1
lybp,1,0,1
lyazbbow,1,0,1
xfgo,1,0,1
hugh,2,0,2
pickens,2,0,2
writes,2,0,2
estimate,2,0,2
cut,3,2,5
kicks,3,0,3
michig,2,0,2
deny,3,1,4
mskb,1,0,1
christellar,1,0,1
doodoo,1,0,1
jwccb,1,0,1
return,2,0,2
reached,1,0,1
published,1,0,1
terryacarter,1,0,1
doubting,2,0,2
having,5,1,6
warmest,2,0,2
called,4,1,5
trend,2,0,2
line,3,0,3
wipe,1,0,1
pjhig,1,0,1
predicting,3,0,3
sediments,3,0,3
lsun,1,0,1
angelwardriver,1,0,1
chemicallygreen,1,0,1
taken,1,0,1
words,1,1,2
choose,2,0,2
everything,1,0,1
actions,3,0,3
buffer,1,0,1
examining,3,0,3
through,5,1,6
ethical,1,0,1
lens,1,0,1
practical,1,0,1
imperative,1,0,1
lybdd,1,0,1
pp,1,0,1
indonesia,1,0,1
program,1,0,1
looks,1,0,1
maintain,1,0,1
pres,1,0,1
vrwctexan,1,0,1
vs,6,0,6
poll,1,0,1
trust,1,1,2
pls,2,0,2
petition,3,0,3
tnk,1,0,1
rrgsg,1,0,1
sunday,2,0,2
robert,1,0,1
bullard,1,0,1
known,5,1,6
justice,1,0,1
sec,3,0,3
wants,4,0,4
disclosed,1,0,1
opinion,1,1,2
sees,1,1,2
im,3,4,7
lybl,1,0,1
vep,1,0,1
geologists,2,0,2
drill,2,0,2
find,4,0,4
troubling,2,0,2
signs,2,1,3
come,2,5,7
fast,3,4,7
nlioewyh,1,0,1
coda,2,0,2
automotive,2,0,2
lauded,2,0,2
innovation,4,0,4
glfbaqrum,1,0,1
alters,1,0,1
gray,1,0,1
clothing,2,0,2
yvon,2,0,2
chouinard,2,0,2
fortunegreen,2,0,2
measurable,3,0,3
comd,2,0,2
imto,1,0,1
famous,1,0,1
climatologists,1,0,1
gb,2,1,3
wiretapmagazine,2,0,2
capitalism,9,0,9
doesnà,3,0,3
degrowth,3,0,3
screwed,1,0,1
lunch,1,0,1
wtf,1,1,2
tomatoes,1,0,1
burger,1,0,1
russia,1,0,1
kpvi,1,0,1
vino,1,0,1
veritas,1,0,1
delicate,1,0,1
wine,6,0,6
grape,1,0,1
become,3,2,5
lutki,1,0,1
jc,2,0,2
aerosol,2,0,2
downswing,2,0,2
helped,2,0,2
lyazdu,1,0,1
wind,1,1,2
lyccb,1,0,1
bluepractice,1,0,1
patagonia,1,0,1
peru,3,0,3
alpha,2,0,2
phi,1,0,1
takes,2,1,3
efficiency,3,0,3
forming,1,0,1
lfpz,1,0,1
marc,1,0,1
gunther,1,0,1
comments,1,0,1
views,1,1,2
rarely,1,0,1
nivtq,1,0,1
kcrw,2,0,2
goodfood,1,0,1
recycling,4,0,4
peanuts,4,0,4
rare,4,0,4
grapes,7,0,7
lycdq,1,0,1
zj,1,0,1
kerala,1,0,1
thank,1,0,1
sponsored,1,0,1
hoax,2,15,17
hopkins,1,0,1
proving,1,0,1
lyblgaf,1,0,1
marine,2,0,2
narragansett,1,0,1
bay,1,0,1
rhode,1,0,1
island,1,0,1
flounder,1,0,1
longer,1,0,1
wins,2,0,2
kiddo,1,0,1
nice,2,3,5
didn,1,2,3
miss,1,0,1
newyork,1,0,1
xka,1,0,1
increases,2,0,2
floods,2,0,2
damage,2,0,2
movement,3,3,6
credibility,1,1,2
based,2,1,3
denials,1,0,1
lack,2,2,4
weight,1,0,1
changin,1,0,1
mckibben,1,0,1
cujqk,1,0,1
irreversible,1,0,1
destiny,1,0,1
explosive,2,0,2
idea,3,1,4
cure,2,0,2
comxbpdv,1,0,1
mpqx,1,0,1
greenmichigan,1,0,1
suffering,1,0,1
richard,4,0,4
ingham,2,0,2
afpapril,2,0,2
eumesat,2,0,2
satellite,3,0,3
image,2,0,2
lybbtgnb,1,0,1
socent,2,0,2
supercomputer,1,0,1
crunching,1,0,1
tool,1,0,1
lyaxo,1,0,1
theclimatedesk,3,0,3
lyme,2,0,2
pricier,2,0,2
hvjk,1,0,1
comxbycu,1,0,1
todays,1,0,1
sci,1,0,1
lesson,1,0,1
warm,1,2,3
holds,2,0,2
moisture,1,0,1
hits,2,0,2
==,2,0,2
snowmageddon,3,2,5
yes,4,2,6
thursday,1,0,1
pbs,3,0,3
yorkers,2,0,2
confronting,2,0,2
listings,2,0,2
ximc,1,0,1
coalition,7,0,7
tired,7,0,7
barrett,2,0,2
lots,3,0,3
protocols,2,0,2
pushing,2,3,5
guardianeco,1,0,1
grist,2,0,2
tea,2,0,2
party,1,1,2
supporters,1,0,1
informed,1,0,1
general,1,0,1
lycmovqd,1,0,1
methane,1,0,1
indicator,1,0,1
lycldqgz,1,0,1
huffingtonpost,1,0,1
hereisawayjose,1,0,1
president,4,1,5
yy,1,0,1
lc,1,0,1
destruction,1,0,1
competing,3,0,3
limpopo,2,0,2
bring,2,1,3
southe,2,0,2
building,2,0,2
msaxteyy,1,0,1
gan,1,0,1
indxleu,1,0,1
lybqan,2,0,2
officials,2,0,2
zealand,2,0,2
heraldofficials,1,0,1
lydalwzf,1,0,1
subject,1,1,2
pictures,1,0,1
iff,1,0,1
phenomenon,1,0,1
plays,1,0,1
developmentvohra,1,0,1
zfhs,1,0,1
chain,1,0,1
yemsh,1,0,1
abstract,1,0,1
inconvenient,2,0,2
youth,2,0,2
teens,2,0,2
ewd,2,0,2
japan,1,0,1
cherry,1,0,1
blossoms,1,0,1
lycnu,1,0,1
dm,1,0,1
attention,2,0,2
knuckle,1,0,1
draggers,1,0,1
unusual,1,0,1
spite,1,0,1
morons,1,1,2
catholicclimate,1,0,1
experience,1,0,1
directly,1,0,1
harmful,1,0,1
catholic,1,0,1
bishops,1,0,1
tale,1,1,2
senate,4,5,9
orgvideo,1,0,1
either,3,2,5
dies,1,0,1
evo,1,0,1
morales,1,0,1
vice,2,0,2
itt,1,0,1
armenia,2,0,2
yc,1,0,1
pn,1,0,1
cfp,1,0,1
approaches,1,0,1
lydja,1,0,1
videos,1,0,1
humans,1,3,4
lybiqnl,1,0,1
commerce,1,0,1
seclocke,1,0,1
whitehouse,1,0,1
proposal,1,0,1
whether,1,0,1
represents,1,0,1
course,1,2,3
worry,4,1,5
rogge,2,0,2
lyceuovl,1,0,1
warns,1,0,1
publically,1,0,1
held,2,0,2
investors,1,0,1
duiy,1,0,1
enough,5,0,5
harvard,1,0,1
glen,1,0,1
schultz,1,0,1
sarah,2,1,3
zvxvh,1,0,1
lamontkingtv,1,0,1
funny,2,0,2
uganda,1,0,1
nile,1,0,1
river,3,0,3
expedition,1,0,1
nwnl,1,0,1
europe,2,0,2
rob,1,0,1
goodfeed,1,0,1
italy,1,0,1
figure,1,0,1
dulles,1,0,1
briefed,1,0,1
wonder,1,0,1
stratosphere,1,0,1
slowimprove,1,0,1
msls,1,0,1
douche,1,0,1
backass,1,0,1
imperils,1,0,1
agenda,2,1,3
accelerating,4,0,4
disappearance,1,0,1
lyafelto,1,0,1
en,1,0,1
decrease,1,0,1
joke,1,0,1
bu,1,0,1
mp,2,0,2
agencies,1,0,1
alerts,1,0,1
lycwrgor,1,0,1
axelrod,1,0,1
hill,2,0,2
wire,3,0,3
lwkh,1,0,1
wetland,1,0,1
hu,1,0,1
mrpg,1,0,1
hate,2,0,2
fan,1,0,1
thatsright,1,0,1
finds,2,0,2
lybmfu,1,0,1
researcher,2,0,2
central,1,0,1
flowering,1,0,1
ear,1,0,1
lycs,1,0,1
aju,1,0,1
hispanics,1,0,1
priority,3,1,4
lyaflska,1,0,1
american,3,1,4
eating,2,0,2
eggs,1,0,1
dairy,1,0,1
switching,1,0,1
hybrid,1,0,1
car,2,1,3
nryan,1,0,1
nope,1,0,1
losses,1,0,1
gently,1,0,1
fishmark,1,0,1
comxbbek,1,0,1
preparing,3,0,3
costco,1,0,1
ch,1,0,1
wed,2,0,2
sciam,3,0,3
podcast,3,0,3
mountain,5,0,5
valley,4,1,5
stretch,4,0,4
finally,3,3,6
mscybfoi,1,0,1
definitely,2,0,2
worthwhile,1,0,1
dent,3,0,3
ni,3,0,3
protective,3,0,3
shield,3,0,3
hurricanes,3,0,3
droughts,3,0,3
gslenpp,3,0,3
coping,3,0,3
lyauxnxh,1,0,1
switch,4,1,5
warned,3,0,3
polluted,1,0,1
tobhwmmz,1,0,1
epsclimate,1,0,1
operationfree,1,0,1
op,1,0,1
qdr,1,0,1
sync,1,0,1
lyagvnoh,1,0,1
semi,1,0,1
believable,1,0,1
bqit,1,0,1
understanding,1,0,1
changeclimate,1,0,1
variability,1,0,1
dispersal,1,0,1
lybrhmyi,1,0,1
harsh,2,0,2
jeff,2,0,2
montgomery,1,0,1
,4,0,4
´,2,0,2
journal,1,1,2
glo,1,0,1
lybkqwyd,1,0,1
roadblock,1,0,1
lydbqhig,1,0,1
mpnecir,1,0,1
csmonitor,1,0,1
comcarbonoffsets,1,0,1
mpaonx,1,0,1
ehobe,1,0,1
snowverkill,1,0,1
baycitytimes,1,0,1
michigan,1,0,1
group,3,2,5
lydcgvce,1,0,1
mnul,1,0,1
nat,2,1,3
secretary,3,0,3
steven,3,0,3
chu,3,0,3
comxbmcr,1,0,1
comxaadm,1,0,1
facts,2,1,3
recent,3,0,3
letter,3,1,4
writer,2,0,2
kesner,2,0,2
touch,2,0,2
reliable,2,0,2
documents,1,0,1
illness,2,0,2
cnsnews,1,1,2
lycdeyft,1,0,1
conoverbeth,1,0,1
valuable,1,0,1
terms,1,0,1
visible,1,0,1
observable,1,0,1
invlvmnt,1,0,1
motherjones,5,0,5
attacks,4,0,4
lycywgtn,1,0,1
roses,1,0,1
violets,1,0,1
blue,1,0,1
bvocs,1,0,1
rkl,1,0,1
head,1,0,1
gdbywgy,1,0,1
bahuguna,1,0,1
country,2,0,2
pune,1,0,1
eminent,1,0,1
worker,1,0,1
sundarlal,1,0,1
lydl,1,0,1
zud,1,0,1
vagina,1,0,1
monologues,1,0,1
creator,1,0,1
tsunamis,1,0,1
xana,1,0,1
mz,2,0,2
sciencerss,1,0,1
fpptc,1,0,1
classic,1,0,1
economist,1,0,1
confusing,1,0,1
profit,1,0,1
ready,2,1,3
lawmakers,1,1,2
petitions,1,0,1
drop,2,0,2
hint,1,0,1
coming,2,1,3
eufpr,1,0,1
darylt,1,0,1
scientific,1,7,8
test,1,0,1
prove,2,2,4
gsbzm,1,0,1
lyakb,1,0,1
dare,2,1,3
lycex,1,0,1
nsf,1,0,1
current,1,2,3
observational,1,0,1
cannot,2,0,2
roughly,1,0,1
half,1,0,1
lybglz,1,0,1
lycw,1,1,2
vro,1,0,1
sendboyle,1,0,1
ireversable,1,0,1
die,1,0,1
slowly,2,0,2
empresscgc,1,0,1
rebuttal,1,0,1
nonsense,2,0,2
aired,1,0,1
mainstream,1,0,1
lykdh,1,0,1
shape,1,0,1
approach,2,1,3
davos,1,0,1
denmark,1,0,1
lyazdaoi,1,0,1
juyj,1,0,1
uab,1,0,1
lyoceanimpacts,1,0,1
dying,1,2,3
hurricane,1,0,1
katrina,3,0,3
catholicsmg,1,0,1
tod,2,0,2
rup,1,0,1
angq,1,0,1
bioethicists,1,0,1
met,2,1,3
asilomar,1,0,1
later,1,0,1
las,1,0,1
lybia,1,0,1
diplomatic,2,0,2
nightmare,2,0,2
away,3,0,3
doc,2,0,2
farmers,5,0,5
usbhg,1,0,1
dv,1,0,1
otoolefan,1,3,4
embarrassed,1,0,1
cite,1,0,1
lybr,1,0,1
xlv,1,0,1
wish,2,2,4
pants,1,0,1
hql,1,0,1
mnn,1,0,1
comearth,1,0,1
mattersclimate,1,0,1
changestoriesharsh,1,0,1
founded,1,0,1
politics,4,2,6
lybazhhy,1,0,1
summit,4,0,4
conscious,2,0,2
comxbvfc,1,0,1
gsu,1,0,1
mre,1,0,1
subtropolis,1,0,1
creative,1,0,1
below,2,0,2
wetter,1,0,1
yrs,1,0,1
romanticism,1,0,1
undone,1,0,1
toll,1,0,1
zr,1,0,1
wealth,1,0,1
comyjuj,1,0,1
blocks,1,0,1
lessens,1,0,1
bye,2,0,2
south,3,1,4
americaà,1,0,1
planetà,1,0,1
interview,1,1,2
nikolas,1,0,1
kozloff,1,0,1
qorianka,1,0,1
excited,1,0,1
lydc,1,0,1
dpxg,1,0,1
usa,1,0,1
weekly,2,0,2
qyyl,1,0,1
vfk,1,0,1
tied,2,0,2
resp,1,0,1
massive,2,1,3
lycgqgiv,1,0,1
lyckx,1,0,1
rh,2,0,2
gregmitch,1,0,1
reporting,2,1,3
sediment,1,0,1
upper,1,0,1
atmospher,1,0,1
reducing,2,0,2
unprecedented,1,0,1
rate,1,0,1
claireforman,1,0,1
lycl,1,0,1
oxfam,4,0,4
pastoralists,3,0,3
brooke,1,0,1
worries,1,0,1
pop,1,0,1
tarts,1,0,1
shields,1,0,1
disturbed,1,0,1
reports,1,1,2
exist,1,7,8
lycmy,1,0,1
sj,1,0,1
glfbzogme,1,0,1
cleantech,2,0,2
macro,1,0,1
probs,2,0,2
never,1,2,3
solved,1,0,1
politicians,3,0,3
immediate,1,0,1
scale,2,0,2
comyystbl,1,0,1
pcjd,1,0,1
signing,1,0,1
declaration,1,0,1
independence,1,0,1
keraca,1,0,1
seems,2,1,3
tough,1,0,1
msas,1,0,1
bxi,1,0,1
xbro,1,0,1
shift,3,0,3
consciousness,1,0,1
businesses,1,1,2
ad,1,0,1
á,1,0,1
climbing,1,0,1
august,1,0,1
unbelievable,1,1,2
chalk,1,0,1
dummies,1,0,1
lybivncv,1,0,1
ycku,1,0,1
glossy,2,0,2
lycpdg,1,0,1
ea,1,0,1
lydjovci,1,0,1
press,3,2,5
et,3,0,3
stevens,3,0,3
australian,2,0,2
oz,1,0,1
lycoz,1,0,1
qj,1,1,2
ppm,1,0,1
vry,1,0,1
inrstg,1,0,1
ok,1,2,3
lybxogut,1,0,1
conts,1,0,1
pile,1,0,1
reason,1,1,2
sceptics,2,0,2
lybgwsvu,1,0,1
ecosteward,2,0,2
luqs,1,0,1
michelinah,1,0,1
assuming,1,0,1
site,2,0,2
legit,1,0,1
explains,1,2,3
connection,1,0,1
bt,1,0,1
sniffly,1,0,1
xcq,1,0,1
per,4,1,5
enlisting,1,0,1
acs,1,0,1
lycldu,1,0,1
wilshipley,1,0,1
plausible,1,0,1
deniability,1,0,1
nutting,1,0,1
sad,1,2,3
lyasute,1,0,1
benefits,3,0,3
carlower,1,0,1
impacting,1,0,1
lower,1,0,1
levels,1,0,1
pumped,1,0,1
explore,2,0,2
lydmnjxj,1,0,1
luck,1,0,1
denies,1,0,1
protections,1,0,1
tiny,1,0,1
ouc,1,0,1
rachel,1,0,1
harris,1,0,1
wedo,1,0,1
worldwide,2,0,2
gender,1,0,1
renata,1,0,1
sivacolundhu,1,0,1
undpi,1,0,1
uninfo,1,0,1
au,1,0,1
reduction,1,0,1
proposals,1,0,1
copenhagen,1,0,1
ác,1,0,1
lyby,1,0,1
fpn,1,0,1
panteraonca,1,0,1
slideshow,1,0,1
szfe,1,0,1
generals,3,0,3
pentagon,2,0,2
consider,3,0,3
urgent,1,0,1
ob,1,0,1
fwd,1,0,1
mij,1,0,1
astronaught,1,0,1
posts,2,0,2
beautiful,1,0,1
pic,2,1,3
maldives,1,0,1
space,2,0,2
sjc,1,0,1
islands,1,0,1
phraim,1,0,1
white,3,0,3
picket,1,0,1
apocolyptic,1,0,1
effed,1,0,1
ni,1,0,1
ðo,1,0,1
davidcorndc,2,1,3
explain,2,5,7
conservatives,2,0,2
areas,3,0,3
indyposted,1,0,1
conducted,1,0,1
austral,1,0,1
lyccqa,1,0,1
culprit,1,0,1
counts,1,0,1
glbarry,1,0,1
dunder,1,0,1
mifflinsabre,1,0,1
gregory,2,0,2
unruh,2,0,2
oven,2,0,2
dial,2,0,2
lock,2,0,2
abrupt,2,0,2
decade,2,2,4
bec,2,0,2
toaugufy,1,0,1
globalalert,1,0,1
mefu,1,0,1
bizzards,1,0,1
snowtorious,1,0,1
lykq,1,0,1
dissecting,1,0,1
overpopulation,1,0,1
hm,1,0,1
ay,1,0,1
cs,1,0,1
qoabv,1,0,1
endangering,2,0,2
olipvia,1,0,1
chialiciouss,1,0,1
panas,1,0,1
gilaaa,1,0,1
toavcx,1,0,1
shooting,1,0,1
upcoming,1,0,1
denyers,1,0,1
lybecmid,1,0,1
comarticle,1,0,1
cd,1,0,1
comyaqbeop,1,0,1
du,1,1,2
reinvent,2,0,2
cities,5,0,5
forecast,1,0,1
mmd,1,0,1
newswire,1,0,1
lybusb,1,0,1
disturbedwater,1,0,1
grasp,1,0,1
idiots,1,4,5
obf,1,0,1
msadynmi,1,0,1
gayandright,1,0,1
livestock,1,0,1
mongolia,1,0,1
aid,1,0,1
described,1,0,1
piles,1,0,1
lyddmoy,1,0,1
governamerica,1,0,1
bluffing,1,0,1
consensus,1,4,5
narrative,1,0,1
signed,1,0,1
rockthevote,1,0,1
huffingtonpostz,1,0,1
declines,1,0,1
gspu,1,0,1
men,1,0,1
sequels,1,0,1
rubberstamprosk,1,0,1
asian,2,0,2
foreign,1,0,1
ministers,1,0,1
eight,1,0,1
secluded,1,0,1
lyce,1,0,1
hox,1,0,1
religious,2,0,2
spin,2,0,2
cityandpress,2,0,2
comnews,1,0,1
late,1,0,1
november,1,1,2
warmingweirding,1,0,1
theologians,1,0,1
willful,1,0,1
blindness,1,0,1
lyak,1,0,1
oag,1,0,1
atmospheric,1,0,1
lydrw,1,0,1
ab,2,0,2
vallejo,2,0,2
herald,2,0,2
editorial,4,1,5
keeping,2,0,2
honest,3,1,4
blogdiva,1,0,1
navynews,1,0,1
navy,1,0,1
radar,1,0,1
normal,3,0,3
completely,2,0,2
ufzaj,1,0,1
accel,1,0,1
lyckrjpw,1,0,1
gclugo,1,0,1
guardianscience,1,0,1
sues,2,0,2
poisoning,2,0,2
lybk,1,0,1
complementary,1,0,1
corporate,1,0,1
disclosure,1,0,1
rules,1,1,2
liability,1,0,1
lybrjnry,1,0,1
lauricella,1,0,1
genocide,1,0,1
lyasmjgu,1,0,1
tim,2,1,3
blair,2,0,2
rounds,2,0,2
frontiers,2,0,2
ecomonday,1,0,1
recommended,1,0,1
living,2,0,2
lycpfcze,1,0,1
climatecentral,1,0,1
strauss,1,0,1
inviting,1,0,1
humble,1,0,1
ills,1,0,1
todbitcd,1,0,1
filmmaker,2,0,2
travels,1,0,1
lybgm,1,0,1
comxbndn,1,0,1
nrdcactionfund,1,0,1
orgthisisourmoment,1,0,1
c=,1,0,1
s=,1,0,1
l=,1,0,1
joe,1,1,2
tolerant,1,1,2
left,1,4,5
guilty,1,1,2
crime,1,1,2
lyaffkez,1,1,2
insects,1,0,1
control,2,5,7
lydb,1,0,1
msccps,2,0,2
beauty,2,0,2
slide,2,0,2
toward,2,0,2
wor,1,0,1
lyafdsty,1,0,1
distributed,1,0,1
humid,1,0,1
running,2,0,2
minimise,1,0,1
rid,1,0,1
abnormal,1,0,1
toa,1,0,1
ocsr,1,0,1
humani,1,0,1
jerry,1,0,1
brown,1,0,1
revenge,1,0,1
backers,1,0,1
ballot,1,0,1
initiative,1,0,1
suspend,1,0,1
qlf,1,0,1
rfk,1,1,2
jr,1,1,2
months,1,1,2
glfby,1,0,1
pz,1,0,1
according,1,1,2
nationa,1,0,1
rps,1,0,1
disaster,3,3,6
max,1,0,1
jacobs,1,0,1
producing,1,0,1
lycuf,1,0,1
kq,1,0,1
fbj,1,0,1
foodweek,2,0,2
features,1,0,1
page,1,0,1
lydzykhk,1,0,1
devotes,1,0,1
baseless,1,0,1
bashing,1,0,1
ggj,1,0,1
lyao,1,1,2
kn,1,0,1
pack,1,0,1
lycidu,1,0,1
lybjsszy,1,0,1
george,1,1,2
perkins,1,0,1
vital,1,0,1
editor,1,0,1
cg,1,0,1
lyalhpwn,1,0,1
cricket,4,0,4
history,3,1,4
facing,2,0,2
bizarre,3,0,3
following,2,0,2
unio,2,0,2
lybemhl,1,0,1
zcerl,1,0,1
alertnet,1,0,1
recipe,1,0,1
alertnetclimate,1,0,1
align,2,0,2
lybocsqs,1,0,1
loss,1,0,1
topnews,1,0,1
tha,1,0,1
lycx,1,1,2
tribecafilmfest,1,0,1
jpatricof,1,0,1
jessicaalba,1,0,1
sebastian,1,0,1
copeland,1,0,1
premiere,1,0,1
tribeca,1,0,1
pounding,1,0,1
works,1,0,1
rightblogs,1,1,2
hurrah,1,0,1
passes,1,1,2
stage,1,0,1
targets,1,0,1
cdnpoli,1,0,1
scary,3,0,3
climateproject,2,0,2
altering,2,0,2
seasons,2,0,2
seeing,1,1,2
chunks,1,0,1
tooth,1,0,1
nail,1,0,1
lyaz,1,0,1
goddammit,1,0,1
folks,1,1,2
negate,1,0,1
debating,1,0,1
launches,1,0,1
xagk,1,0,1
stopglobalwarming,2,0,2
lyavw,1,0,1
acknowledge,2,0,2
games,2,0,2
supply,1,0,1
tourism,1,0,1
cajw,1,0,1
beckbasher,1,0,1
iandavidb,1,0,1
shoq,1,0,1
bobby,1,0,1
jindal,1,0,1
mocked,1,0,1
papers,1,0,1
lately,1,0,1
start,2,2,4
thinking,1,0,1
yourselves,1,0,1
rff,1,0,1
insuring,1,0,1
hz,1,0,1
wq,1,0,1
lydausja,1,0,1
hand,1,0,1
kick,1,0,1
comyzq,1,0,1
olr,1,0,1
fsu,1,0,1
disappear,1,0,1
foll,1,0,1
lyclthd,1,0,1
rainstorms,1,0,1
terrible,1,0,1
covered,1,1,2
answer,1,2,3
questions,1,1,2
eyjafjallajo,1,0,1
msdy,1,0,1
ifl,1,0,1
david,2,0,2
beef,1,0,1
comxaxym,1,0,1
comxbhvz,1,0,1
lybw,1,0,1
sometimes,1,0,1
predict,1,0,1
outcomes,1,0,1
revolution,2,0,2
apocalypsenow,1,0,1
exciting,1,0,1
comxan,1,0,1
puxt,1,0,1
mssh,1,0,1
software,1,0,1
inhabitat,1,0,1
sincerely,1,0,1
try,1,1,2
instant,1,0,1
lybkv,1,0,1
ul,1,0,1
seattle,1,0,1
junk,1,3,4
curbing,1,0,1
easi,1,0,1
lybutsnb,1,0,1
gecko,2,0,2
greener,1,0,1
daunting,1,0,1
credits,1,2,3
vj,1,0,1
confirms,1,0,1
display,1,0,1
occurred,1,0,1
lybb,1,0,1
watching,1,2,3
rally,1,0,1
da,1,0,1
cc,1,0,1
accelerate,1,0,1
lyavp,1,0,1
schumacher,1,0,1
college,1,0,1
mobilising,1,0,1
eqln,1,0,1
shyam,1,0,1
saran,1,0,1
calcuttatube,2,0,2
lvky,1,0,1
dealt,1,0,1
sources,1,0,1
harm,1,0,1
sb,2,0,2
ozone,1,0,1
standards,1,0,1
kids,1,1,2
dgcw,1,0,1
safe,1,0,1
secure,1,0,1
xqgm,1,0,1
lyconbco,1,0,1
rtr,2,0,2
reversing,2,0,2
lyrfdecline,2,0,2
guess,1,1,2
saying,1,3,4
replace,1,0,1
repub,1,0,1
sake,1,0,1
gw,1,0,1
short,2,0,2
circuits,1,0,1
brain,2,0,2
radiation,2,0,2
management,2,0,2
strangelove,1,0,1
fix,1,1,2
hear,1,1,2
mvy,1,0,1
denis,1,0,1
hayes,1,0,1
founder,1,0,1
compares,1,0,1
famine,1,0,1
irishcentral,1,0,1
xcua,1,0,1
push,2,0,2
snowdrift,1,0,1
run,1,1,2
comxbpyl,1,0,1
geopolitics,2,0,2
net,1,0,1
sites,1,0,1
in,1,0,1
acosta,1,0,1
lyalyhq,1,0,1
england,1,0,1
suffer,1,0,1
hqh,1,0,1
gurianpeck,1,0,1
always,2,0,2
crippling,1,0,1
month,1,0,1
fiona,1,0,1
macleod,1,0,1
ruairi,1,0,1
creaney,1,0,1
scienti,1,0,1
vwys,1,0,1
assesses,1,0,1
springs,1,0,1
imnuv,1,0,1
kb,1,0,1
environmentalresearchweb,1,0,1
lytc,1,0,1
kaskadia,1,0,1
lyajksz,1,0,1
sequestration,2,0,2
assessment,2,0,2
lyawfkhw,1,0,1
mayor,1,0,1
londoners,1,0,1
lwvs,1,0,1
mayoroflondon,1,0,1
lycdflgk,1,0,1
mulch,1,0,1
innovatively,1,0,1
blognewsweb,1,0,1
trillion,2,0,2
lydxiafb,2,0,2
messing,1,0,1
violent,2,0,2
hurtful,1,0,1
originally,1,0,1
ndfrn,1,0,1
wont,1,0,1
ignorance,1,0,1
uupb,1,0,1
rnr,1,0,1
lybvg,1,0,1
sacred,1,0,1
tibetan,1,0,1
shangri,1,0,1
la,2,0,2
odxhp,1,0,1
raysfreedomhash,1,0,1
eh,1,2,3
hellooo,1,0,1
meet,1,2,3
delta,1,0,1
lybrzk,1,0,1
mandate,1,0,1
dusaa,1,0,1
tropical,2,0,2
illnesses,1,0,1
bacteria,1,0,1
appear,1,0,1
otherwise,1,0,1
non,2,0,2
thriving,2,0,2
period,1,0,1
sentinel,1,0,1
lydmimzf,1,0,1
imperiled,1,0,1
administration,3,2,5
determined,1,0,1
pdbb,1,0,1
mrgp,1,0,1
greenistweet,1,0,1
ecoactions,1,0,1
proposes,1,0,1
comxbd,1,0,1
claiming,2,2,4
gf,1,0,1
strap,1,0,1
dick,1,1,2
gopfail,1,0,1
newkerala,1,0,1
lyaxqgbt,1,0,1
comxbyf,1,0,1
devastating,1,0,1
ethiopian,2,0,2
ary,1,0,1
gershon,1,0,1
empowering,2,0,2
cursing,2,0,2
dark,2,0,2
candle,1,0,1
lyduiycm,1,0,1
revkin,1,1,2
geol,1,0,1
statement,1,0,1
synching,1,0,1
ipcc,1,7,8
acad,1,0,1
agu,1,0,1
etc,1,0,1
mpgeolsoc,1,0,1
agw,1,0,1
poo,1,0,1
saves,1,0,1
comxbtfr,1,0,1
ink,1,0,1
oox,1,0,1
xlipp,1,0,1
rapidly,1,0,1
council,1,1,2
statecounty,1,0,1
balanced,1,0,1
laws,1,2,3
emergencies,1,0,1
varanasi,2,0,2
fire,1,0,1
ritual,1,0,1
girish,1,0,1
dubey,1,0,1
xrm,1,0,1
mmaction,1,0,1
paltalknewsnetwork,1,0,1
comnode,1,0,1
google,1,0,1
chief,1,1,2
mqzf,1,0,1
carbonmarket,1,0,1
biochar,1,0,1
shortage,1,0,1
ejgu,1,0,1
oay,1,0,1
giles,1,0,1
slade,1,0,1
mccarthyism,1,0,1
countr,1,0,1
todi,1,0,1
dua,1,0,1
mnc,1,0,1
stevegeritano,1,0,1
kszx,1,0,1
greens,1,0,1
profession,1,0,1
accountancy,1,0,1
lscq,1,0,1
ifrsadvantage,1,0,1
dealing,1,0,1
forbesnews,1,0,1
vd,2,0,2
branson,2,0,2
biz,2,0,2
ur,2,2,4
house,3,3,6
order,2,2,4
scaredy,1,0,1
cat,1,0,1
partyers,1,0,1
framed,1,0,1
passive,1,0,1
survivability,1,0,1
lyccurkq,1,0,1
buzz,1,0,1
kimberley,1,0,1
cahill,1,0,1
califor,1,0,1
leaders,2,0,2
failing,2,0,2
address,2,0,2
gravest,2,0,2
faced,2,0,2
pressuring,2,0,2
united,2,1,3
multiple,1,0,1
deforestation,1,0,1
comyf,1,1,2
np,1,0,1
used,1,1,2
rj,1,0,1
ygtzk,1,0,1
lifeline,1,0,1
seeks,1,1,2
worl,1,0,1
lyaykzju,1,0,1
lycpfnbl,1,0,1
woot,1,0,1
alexpriest,1,0,1
huffpostgreen,2,0,2
announced,2,0,2
lyaybo,2,0,2
oceanchampions,1,0,1
lyax,1,0,1
books,1,0,1
utility,1,0,1
bills,1,0,1
dealman,2,0,2
lybh,1,0,1
decision,1,0,1
endangers,1,0,1
filed,1,0,1
democrats,1,2,3
barack,1,0,1
oba,1,0,1
lybfsj,1,0,1
supposedly,1,0,1
somethings,1,0,1
proponents,1,1,2
pena,1,0,1
retech,1,0,1
recession,1,0,1
requires,1,0,1
energycollectiv,1,0,1
zpofc,1,0,1
blames,1,0,1
xgtm,1,0,1
trngu,1,0,1
questor,1,0,1
markets,1,0,1
cqrqj,1,0,1
bdfvr,1,0,1
acid,1,0,1
mqjk,1,0,1
bradpitt,1,0,1
distance,1,0,1
journeys,1,0,1
fashion,1,0,1
evolutionary,1,0,1
sourc,1,0,1
mhr,1,0,1
iyjy,1,0,1
lycwrrmi,1,0,1
sx,1,0,1
awards,1,0,1
mini,1,0,1
grants,1,0,1
wxw,1,0,1
lybpx,1,0,1
xh,1,0,1
storming,1,0,1
shall,1,0,1
ban,1,0,1
qu,1,0,1
lyauizpz,1,0,1
collide,1,0,1
word,1,0,1
use,2,0,2
oceanleadership,1,0,1
owu,1,0,1
saving,1,0,1
therightblue,1,0,1
pirate,1,0,1
governor,1,0,1
hearts,1,0,1
wallets,1,0,1
jersey,1,0,1
chris,1,0,1
christie,1,1,2
wised,1,0,1
gx,1,0,1
rbu,1,0,1
bcwf,1,0,1
greentech,1,0,1
washingtonpost,1,0,1
qr,1,0,1
cejapa,1,0,1
lybxmwb,1,0,1
repoweramerica,1,0,1
sierras,1,0,1
alps,1,0,1
peril,1,0,1
mqcu,1,0,1
kenya,1,0,1
tests,1,0,1
pastoralist,1,0,1
perceptions,1,0,1
cuev,1,0,1
toahlzmr,1,0,1
stfu,1,0,1
necessarily,1,0,1
sbthistle,1,0,1
lobbyists,1,0,1
comyedwvex,1,0,1
cledz,1,0,1
rosario,1,0,1
psychological,1,0,1
profiling,1,0,1
lybnzfzj,1,0,1
whose,1,0,1
spokes,1,0,1
fzja,1,0,1
mmfa,1,1,2
freeze,1,0,1
conservative,1,1,2
nkecc,1,0,1
noisemachine,1,0,1
idiocy,1,0,1
neither,1,0,1
nor,1,0,1
original,1,0,1
symptom,1,0,1
qwi,1,0,1
screw,1,0,1
urnnvo,1,0,1
algore,1,8,9
miliband,1,0,1
fights,1,0,1
html,2,2,4
benbalter,1,0,1
debunks,1,0,1
lyali,1,0,1
md,1,0,1
maybe,1,0,1
worthless,1,0,1
dynamics,1,0,1
observatory,1,0,1
comxbopk,1,0,1
sm,1,1,2
qvf,1,0,1
slate,1,0,1
soils,1,0,1
warms,1,0,1
keen,2,0,2
counterparts,2,0,2
lybgxoba,1,0,1
ifs,1,0,1
earl,1,0,1
fundamental,1,0,1
medicine,1,0,1
heating,1,0,1
interest,1,0,1
violation,1,0,1
lyahg,1,0,1
gingrich,1,0,1
commercial,1,0,1
pelosi,1,0,1
lydcwxcg,1,0,1
comxbk,1,0,1
pulitzer,1,0,1
prize,1,0,1
author,1,2,3
chelsea,1,0,1
henry,1,0,1
pollack,1,0,1
emeritus,1,0,1
comxartl,1,0,1
olympic,1,0,1
starting,1,2,3
eok,1,0,1
native,1,0,1
responding,1,0,1
salish,1,0,1
myw,1,0,1
nwifc,1,0,1
christopher,1,0,1
field,1,0,1
ph,1,0,1
department,1,0,1
pts,1,0,1
opalesque,1,0,1
commodities,1,0,1
briefing,1,0,1
covering,1,0,1
lybiac,1,0,1
ogzuk,1,0,1
loses,1,0,1
thaindian,1,0,1
meena,1,0,1
kar,1,0,1
ujff,1,0,1
alarmism,1,0,1
lybncm,1,0,1
awareness,1,0,1
ashtag,1,0,1
cck,1,0,1
xd,1,0,1
comyjxebsw,1,0,1
indigpplsrsrcs,1,0,1
wouldve,1,0,1
lomhn,1,0,1
unbr,1,0,1
west,1,0,1
redding,1,0,1
architect,1,0,1
theimer,2,0,2
locally,1,0,1
environmentally,1,0,1
jkbvt,1,0,1
lybonsiq,1,0,1
fmgjlkg,1,0,1
dem,1,0,1
congressman,1,0,1
lyabvrib,1,0,1
surprising,1,0,1
results,1,0,1
pil,1,0,1
lyam,1,0,1
dlj,1,0,1
example,1,0,1
prospects,1,0,1
coordinated,1,0,1
bravenewclimate,2,0,2
msqx,1,0,1
tasha,1,0,1
yikes,1,0,1
sounds,1,1,2
rough,1,0,1
occurring,1,0,1
comxbivi,1,0,1
bphq,1,0,1
rises,1,0,1
esalckr,1,0,1
sharethis,1,0,1
rohit,1,0,1
gandhi,1,0,1
documentary,1,1,2
award,1,2,3
lyavthbz,1,0,1
fh,1,0,1
lyclb,1,0,1
vf,1,0,1
frog,1,0,1
leap,1,0,1
seriously,1,3,4
abroad,1,0,1
lvj,1,0,1
myedulinks,1,0,1
princeton,1,0,1
scholar,1,0,1
lecture,1,0,1
clouds,1,0,1
star,2,0,2
ledger,2,0,2
nj,1,1,2
hxyz,1,0,1
comykt,1,0,1
comxazep,1,0,1
fuel,1,2,3
dilemma,1,0,1
uses,1,0,1
barrels,1,0,1
serve,1,0,1
lyaeoudt,1,0,1
team,1,1,2
mapping,1,0,1
countriesblocks,1,0,1
lyajhkwp,1,0,1
biotechnology,1,0,1
qe,1,0,1
african,1,0,1
urged,1,0,1
innovate,1,0,1
offset,1,0,1
source,1,0,1
bloomberg,1,0,1
failure,1,1,2
embrace,1,0,1
lyaym,1,0,1
uc,1,0,1
margaretkinney,1,0,1
oddball,1,0,1
homepage,1,0,1
kalimakhus,1,0,1
socialistviews,1,0,1
sustainable,1,0,1
afp,1,0,1
paris,1,0,1
fkhqu,1,0,1
carbondiplomacy,1,0,1
wrath,1,0,1
lyabdh,1,0,1
biodiversity,1,0,1
comxbbat,1,0,1
txvoodoo,1,0,1
masters,1,0,1
wunderground,1,0,1
yox,1,0,1
chew,1,0,1
redistribution,1,0,1
happened,0,3,3
pjkit,0,1,1
crooked,0,1,1
scam,0,18,18
oyf,0,1,1
yidwithlid,0,1,1
blunder,0,3,3
boldly,0,1,1
stupidity,0,1,1
comyhsp,0,1,1
tv,0,1,1
nobama,0,1,1
seat,0,1,1
keith,0,1,1
yost,0,1,1
staff,0,1,1
columnist,0,1,1
hackers,0,1,1
qsa,0,1,1
crowd,0,1,1
hang,0,1,1
ki,0,1,1
amd,0,1,1
adamcurry,0,1,1
blogspot,0,2,2
clearly,0,1,1
disproving,0,2,2
cries,0,2,2
uncle,0,2,2
inches,0,2,2
thus,0,1,1
panther,0,1,1
poconos,0,1,1
hum,0,1,1
bug,0,1,1
newtgingrich,0,3,3
historic,0,4,4
snows,0,4,4
heavily,0,5,5
aerosols,0,1,1
outside,0,1,1
spraying,0,1,1
cheering,0,1,1
eddriscoll,0,1,1
robport,0,1,1
admit,0,2,2
conspiracy,0,7,7
glfbytii,0,1,1
joelcomm,0,1,1
collapse,0,6,6
comdev,0,1,1
settled,0,3,3
dcexaminer,0,1,1
bogus,0,4,4
fading,0,4,4
glfbtowc,0,1,1
preached,0,3,3
wasn,0,3,3
libpoems,0,3,3
sgp,0,9,9
boycott,0,2,2
siemens,0,2,2
advertisements,0,2,2
middle,0,1,1
kokomoko,0,1,1
wsj,0,2,2
alarmists,0,4,4
discredited,0,1,1
wouldn,0,1,1
combbupvl,0,1,1
justinbiebersucks,0,3,3
farce,0,3,3
federallobbyist,0,1,1
blizzrd,0,1,1
rearranges,0,1,1
announcement,0,1,1
feds,0,1,1
office,0,3,3
lycjiqdh,0,1,1
grin,0,1,1
manipulated,0,1,1
lyaqhjex,0,1,1
fraud,0,9,9
treason,0,1,1
mxlv,0,1,1
ccfeditor,0,1,1
thomas,0,1,1
sowell,0,1,1
manufactured,0,1,1
intellectuals,0,1,1
mjlot,0,1,1
commentator,0,1,1
knew,0,1,1
=p,0,1,1
ahhphotography,0,1,1
dihydrogen,0,1,1
monoxide,0,1,1
ruse,0,2,2
unravels,0,1,1
lydrk,0,1,1
ocra,0,4,4
rationalists,0,2,2
aliens,0,2,2
warming=caused,0,2,2
miracles,0,2,2
angels,0,2,2
fairies,0,2,2
publicly,0,1,1
bought,0,1,1
lie,0,3,3
loyal,0,1,1
lindsay,0,3,3
others,0,1,1
paid,0,1,1
yeah,0,4,4
ass,0,5,5
climatedebate,0,1,1
vq,0,1,1
legislature,0,1,1
representative,0,2,2
mike,0,1,1
noel,0,1,1
kanab,0,1,1
believ,0,1,1
lydvcd,0,1,1
busted,0,1,1
comyjj,0,1,1
ovp,0,1,1
davidtheroux,0,1,1
graph,0,1,1
yal,0,1,1
put,0,1,1
crap,0,2,2
perverts,0,1,1
between,0,2,2
ages,0,1,1
suv,0,1,1
suppose,0,1,1
fiction,0,1,1
yard,0,1,1
drifts,0,1,1
former,0,2,2
task,0,1,1
force,0,1,1
pmxu,0,1,1
cartoonists,0,1,1
lyazdm,0,1,1
perpetrated,0,2,2
sell,0,2,2
conditioners,0,2,2
arrested,0,1,1
did,0,3,3
forget,0,2,2
ball,0,1,1
shovel,0,1,1
gemstars,0,1,1
fql,0,1,1
lyaeawkv,0,1,1
rock,0,1,1
stranger,0,1,1
academic,0,1,1
int,0,1,1
confusion,0,1,1
hysteria,0,3,3
brand,0,1,1
rating,0,1,1
reviews,0,1,1
curr,0,1,1
yzbe,0,1,1
plz,0,1,1
sean,0,1,1
hannity,0,3,3
contradict,0,3,3
xkoi,0,1,1
dnj,0,1,1
virgiltexas,0,3,3
tornadoes,0,3,3
racing,0,3,3
mississippi,0,3,3
tornadocot,0,3,3
ucot,0,4,4
tycot,0,3,3
ensler,0,1,1
behar,0,2,2
represent,0,2,2
pathetic,0,2,2
stmt,0,1,1
fanatics,0,6,6
yack,0,1,1
vaginas,0,1,1
myself,0,1,1
scandal,0,2,2
lyddpgql,0,1,1
nwo,0,1,1
jazgar,0,2,2
killer,0,2,2
created,0,2,2
peruvian,0,2,2
fractures,0,2,2
falls,0,2,2
ethanol,0,1,1
ddt,0,1,1
beat,0,1,1
quadruple,0,1,1
deficit,0,1,1
propaganda,0,3,3
terra,0,1,1
matters,0,2,2
udj,0,2,2
fabricate,0,1,1
lycdttyk,0,1,1
arkiebrian,0,1,1
slyty,0,1,1
hitler,0,1,1
campus,0,1,1
disappointment,0,1,1
graduate,0,1,1
believing,0,1,1
unemployed,0,1,1
clue,0,1,1
emperor,0,2,2
bob,0,2,2
undeniable,0,1,1
interested,0,1,1
pesky,0,1,1
le,0,1,1
defendglenn,0,1,1
parliament,0,1,1
rips,0,1,1
mkw,0,1,1
quite,0,1,1
uninformed,0,1,1
regarding,0,1,1
shabby,0,1,1
scare,0,1,1
lybiuip,0,1,1
profiteering,0,1,1
jx,0,1,1
steyn,0,1,1
journalistic,0,1,1
comyzxap,0,1,1
familysecuritymatters,0,1,1
pbe,0,1,1
edenjames,0,1,1
apocolypse,0,1,1
brr,0,1,1
boo,0,1,1
brrr,0,1,1
suvs,0,1,1
czfa,0,1,1
indeed,0,1,1
mars,0,1,1
otgu,0,1,1
book,0,4,4
confirmed,0,2,2
wnd,0,2,2
sussman,0,2,2
schools,0,1,1
closed,0,1,1
tomorrow,0,2,2
usual,0,1,1
wordslibshate,0,1,1
electar,0,1,1
towhhall,0,1,1
barone,0,4,4
corrupted,0,4,4
ykqbr,0,1,1
pir,0,1,1
gold,0,1,1
spend,0,1,1
money,0,3,3
moving,0,2,2
bears,0,1,1
cheaper,0,1,1
displeased,0,1,1
fredthompson,0,1,1
um,0,1,1
temp,0,3,3
terrorist,0,1,1
undies,0,1,1
fell,0,1,1
miles,0,1,1
arms,0,1,1
hands,0,1,1
sore,0,1,1
shoveling,0,2,2
hurts,0,1,1
tweet,0,1,1
illegal,0,4,4
campaign,0,2,2
platform,0,2,2
comxbqai,0,1,1
dluxkoshertours,0,1,1
havent,0,1,1
looked,0,1,1
wood,0,1,1
lizarddawg,0,1,1
horrible,0,1,1
death,0,2,2
gss,0,1,1
bjh,0,1,1
stephenathome,0,3,3
prius,0,3,3
rated,0,1,1
stars,0,1,1
snobama,0,1,1
blasts,0,1,1
befdnwozechjg,0,1,1
margaret,0,2,2
wente,0,2,2
toronto,0,2,2
horner,0,1,1
yji,0,1,1
conservativela,0,1,1
newt,0,1,1
gives,0,1,1
credence,0,1,1
fmls,0,1,1
regulation,0,3,3
absolute,0,1,1
politaical,0,1,1
suicide,0,1,1
concur,0,1,1
imaginary,0,2,2
tamij,0,1,1
glory,0,2,2
tami,0,1,1
tribbles,0,1,1
liberals,0,2,2
blaming,0,2,2
hhrs,0,1,1
nikkibama,0,1,1
march,0,1,1
were,0,3,3
whiners,0,1,1
seem,0,1,1
hysterical,0,1,1
psiryu,0,2,2
quote,0,1,1
ackroyd,0,1,1
snl,0,1,1
anchor,0,1,1
joy,0,1,1
slut,0,1,1
mock,0,1,1
respond,0,1,1
asap,0,1,1
didnt,0,1,1
pluto,0,1,1
wasnt,0,1,1
fucking,0,1,1
waste,0,2,2
stimulus,0,1,1
moneyglobal,0,1,1
turbines,0,1,1
minnesota,0,1,1
lyalsn,0,1,1
townhallcom,0,1,1
pnw,0,1,1
lydzikfa,0,1,1
suspended,0,1,1
hero,0,1,1
cubachi,0,3,3
fund,0,1,1
gdbrylo,0,1,1
catastrophe,0,1,1
surplus,0,1,1
pretending,0,1,1
dptq,0,1,1
investing,0,1,1
controls,0,1,1
freedom,0,1,1
lydrrein,0,1,1
announce,0,1,1
tracker,0,1,1
clueless,0,1,1
imnn,0,1,1
target,0,2,2
bullshit,0,4,4
leadersdebate,0,2,2
fact,0,7,7
lindsey,0,1,1
quietly,0,1,1
worried,0,1,1
logical,0,1,1
niche,0,1,1
modeling,0,1,1
ii,0,1,1
allycouture,0,1,1
haha,0,1,1
phenomena,0,1,1
balancing,0,1,1
quotes,0,1,1
oxburgh,0,1,1
lybfhwbw,0,1,1
observation,0,1,1
alone,0,1,1
discredits,0,1,1
jozba,0,1,1
utah,0,5,5
legislator,0,1,1
hjr,0,1,1
points,0,1,1
pze,0,1,1
reasonable,0,1,1
hype,0,1,1
ohk,0,1,1
contents,0,2,2
copyrighted,0,2,2
nl,0,1,1
genjunky,0,1,1
smart,0,1,1
freezing,0,2,2
artist,0,2,2
worth,0,2,2
close,0,2,2
question,0,1,1
inc,0,1,1
lycblw,0,1,1
kv,0,1,1
mybookstop,0,1,1
info,0,1,1
horror,0,1,1
movie,0,1,1
yippie,0,1,1
mmorg,0,1,1
yd,0,1,1
snowiest,0,1,1
broke,0,1,1
billwilsonalg,0,1,1
proven,0,2,2
rhw,0,1,1
aleo,0,1,1
vodpod,0,1,1
culturemap,0,1,1
yjklo,0,1,1
jamescolumbiamo,0,1,1
fudge,0,1,1
hypothesis,0,1,1
comedians,0,1,1
joked,0,1,1
lyapcvkw,0,1,1
centreright,0,1,1
followers,0,1,1
losing,0,1,1
luey,0,1,1
timmontgomerie,0,1,1
flipbooks,0,3,3
panel,0,3,3
incorrectly,0,1,1
fdctw,0,1,1
grrr,0,1,1
flipping,0,1,1
channels,0,1,1
landed,0,1,1
sundance,0,1,1
chnnl,0,1,1
hysteric,0,1,1
dude,0,1,1
yapping,0,1,1
musta,0,1,1
comedy,0,1,1
headed,0,1,1
algoresbrain,0,1,1
raw,0,1,1
adjusted,0,1,1
sunny,0,1,1
tempered,0,1,1
zpej,0,1,1
nutjobs,0,1,1
committee,0,2,2
want,0,3,3
nkh,0,1,1
stxherry,0,1,1
slkbrooke,0,1,1
regained,0,1,1
switched,0,1,1
primary,0,1,1
senseless,0,1,1
sheeple,0,1,1
philly,0,1,1
understand,0,1,1
brainwashing,0,1,1
naaahhhaaaa,0,1,1
community,0,2,2
scamed,0,2,2
hacks,0,3,3
gore=palin,0,3,3
kagrox,0,1,1
plate,0,1,1
tectonics,0,1,1
destroy,0,1,1
taxes,0,3,3
blankenship,0,3,3
safety,0,5,5
regulators,0,2,2
silly,0,5,5
fuavy,0,1,1
mattyglesias,0,1,1
cuts,0,1,1
ignore,0,1,1
bite,0,1,1
claimign,0,1,1
fuck,0,2,2
british,0,2,2
sceptical,0,2,2
lycwrejl,0,2,2
lyackz,0,1,1
matt,0,1,1
ridley,0,1,1
spectator,0,2,2
ukprintpoliticsall,0,1,1
guerrillas,0,1,1
thtml,0,1,1
lisa,0,2,2
woman,0,1,1
besides,0,1,1
michelle,0,1,1
debunked,0,1,1
ho,0,1,1
qqw,0,1,1
disbelieve,0,1,1
nvkk,0,1,1
survivalstation,0,1,1
eyed,0,1,1
golfer,0,1,1
twenty,0,1,1
five,0,1,1
forty,0,1,1
golfers,0,1,1
thi,0,1,1
lyakeaxp,0,1,1
pon,0,1,1
tx,0,1,1
regulating,0,1,1
vague,0,1,1
gagnon,0,1,1
duped,0,2,2
socialist,0,2,2
girls,0,1,1
cans,0,1,1
aquanet,0,1,1
process,0,1,1
admitted,0,1,1
mistakes,0,1,1
lydyfhdy,0,1,1
prediction,0,1,1
democrat,0,1,1
manipulation,0,1,1
fines,0,1,1
jail,0,1,1
sharifkouddous,0,1,1
advocates,0,1,1
both,0,1,1
huh,0,1,1
lied,0,1,1
quick,0,1,1
distraction,0,1,1
conversation,0,1,1
potential,0,1,1
explanati,0,1,1
fyq,0,1,1
dnoxon,0,1,1
rosed,0,1,1
eq,0,1,1
hell,0,1,1
hearing,0,4,4
cancelled,0,2,2
twdyawzc,0,1,1
fox,0,1,1
ain,0,1,1
lemme,0,1,1
upset,0,1,1
hypocritical,0,1,1
jackass,0,1,1
rumor,0,1,1
zoeart,0,1,1
tun,0,1,1
yuck,0,1,1
braziltour,0,1,1
barriers,0,1,1
modification,0,1,1
envelope,0,1,1
humor,0,1,1
expense,0,1,1
worshipers,0,1,1
fmvx,0,1,1
agreed,0,1,1
blano,0,1,1
robpas,0,1,1
amazing,0,2,2
bs,0,1,1
astute,0,1,1
reaffirmations,0,1,1
bunk,0,1,1
niteowl,0,1,1
egore,0,1,1
groupies,0,1,1
hair,0,1,1
brained,0,1,1
linking,0,1,1
gonna,0,1,1
tommorow,0,1,1
cow,0,1,1
farts,0,1,1
exonerated,0,1,1
lyddshde,0,1,1
huge,0,1,1
relief,0,1,1
rectum,0,1,1
cbiz,0,1,1
networks,0,1,1
hide,0,2,2
bikz,0,1,1
guys,0,1,1
sick,0,2,2
hog,0,1,1
reid,0,1,1
lyaobxji,0,1,1
themselves,0,1,1
malleable,0,1,1
pursued,0,1,1
regard,0,1,1
artists,0,1,1
stealing,0,1,1
duh,0,1,1
uncertainties,0,1,1
lyakuozf,0,1,1
warmers,0,2,2
forensics,0,1,1
belive,0,1,1
toasty,0,1,1
thnx,0,1,1
lowkell,0,1,1
lies,0,1,1
seriouly,0,1,1
markkrajnak,0,1,1
annnnd,0,2,2
golf,0,1,1
juliejoyce,0,1,1
undergrad,0,1,1
grad,0,1,1
open,0,1,1
alms,0,1,1
politely,0,1,1
motorsports,0,1,1
lectured,0,1,1
nascar,0,1,1
resolution,0,1,1
implying,0,1,1
lygj,0,1,1
jercope,0,1,1
wsmco,0,1,1
voted,0,2,2
dipshit,0,1,1
glad,0,1,1
december,0,1,1
sent,0,1,1
lyaaj,0,1,1
lyauupbl,0,1,1
becksterinc,0,1,1
teachers,0,1,1
shove,0,1,1
young,0,1,1
impressionable,0,1,1
throats,0,1,1
marchreport,0,1,1
nut,0,1,1
epic,0,2,2
lying,0,1,1
diigo,0,1,1
rcp,0,1,1
lydexp,0,1,1
mmr,0,1,1
doctor,0,1,1
andrew,0,1,1
wakefield,0,1,1
fixed,0,1,1
autism,0,1,1
lyffpgy,0,1,1
vp,0,1,1
continue,0,1,1
perpetuate,0,1,1
fantasy,0,1,1
lemmings,0,1,1
esmcivt,0,1,1
traciskene,0,1,1
shadow,0,1,1
six,0,1,1
climatescam,0,1,1
apparently,0,1,1
relevant,0,1,1
supported,0,1,1
lydfxl,0,1,1
lawmaker,0,1,1
lusx,0,1,1
sminfowars,0,1,1
cambio,0,1,1
clim,0,1,1
àtico,0,1,1
poblaci,0,1,1
ñn,0,1,1
l=w,0,1,1
icot,0,1,1
latin,0,1,1
fel,0,1,1
va,0,1,1
warmist,0,1,1
rescued,0,1,1
transported,0,1,1
redostoneage,0,1,1
physicists,0,1,1
paper,0,2,2
debunking,0,1,1
violates,0,1,1
physics,0,1,1
lyamrmtg,0,1,1
anyway,0,2,2
gt,0,1,1
thanx,0,1,1
enjoying,0,1,1
breaks,0,1,1
lydx,0,1,1
ri,0,1,1
hotitalian,0,1,1
aka,0,1,1
geological,0,1,1
rejects,0,1,1
lycgfw,0,1,1
rebeccawalker,0,1,1
warmingclimate,0,1,1
lybytsem,0,1,1
szn,0,1,1
jokes,0,1,1
nathanwurtzel,0,1,1
assured,0,1,1
anglia,0,1,1
cooked,0,1,1
er,0,1,1
area,0,1,1
mr,0,1,1
bestseller,0,1,1
currently,0,1,1
ranked,0,1,1
nonfiction,0,1,1
oaz,0,1,1
toas,0,1,1
elo,0,1,1
theologian,0,1,1
totalitarian,0,1,1
dream,0,1,1
cifw,0,1,1
madlyv,0,1,1
abandons,0,1,1
intergovernmental,0,1,1
untrustworthy,0,1,1
lyabmsjt,0,1,1
watchdog,0,1,1
enabled,0,1,1
lkba,0,1,1
tracy,0,1,1
syste,0,1,1
whpatterson,0,1,1
kiddingggggggg,0,1,1
sfq,0,1,1
beer,0,1,1
warming=fail,0,1,1
michele,0,1,1
anything,0,1,1
justify,0,1,1
fake,0,1,1
useful,0,2,2
note,0,1,1
realism,0,1,1
heads,0,2,2
syancyfox,0,1,1
fml,0,1,1
sorry,0,1,1
htink,0,1,1
plain,0,1,1
tie,0,1,1
scum,0,2,2
snowplow,0,1,1
laurenconrad,0,1,1
jim,0,1,1
demint,0,1,1
anywhere,0,1,1
juce,0,1,1
joshtpm,0,1,1
prolly,0,1,1
disproved,0,1,1
initiated,0,1,1
hypothosys,0,1,1
cal,0,1,1
swo,0,1,1
oxchris,0,1,1
bull,0,1,1
seegercycle,0,1,1
hold,0,2,2
illiterate,0,1,1
sprinkle,0,1,1
fairy,0,2,2
dust,0,1,1
supposed,0,1,1
xgw,0,1,1
sky,0,1,1
falling,0,1,1
grip,0,1,1
hugging,0,1,1
wackos,0,1,1
urinate,0,1,1
brkg,0,1,1
announces,0,1,1
rehabilitate,0,1,1
itself,0,1,1
suing,0,1,1
kevgriff,0,1,1
os,0,1,1
rebecca,0,1,1
terrell,0,1,1
newamerican,0,1,1
rpsiz,0,1,1
reinforces,0,1,1
jen,0,1,1
theaarondouglas,0,1,1
foxandfriends,0,2,2
goldman,0,2,2
execs,0,2,2
sh,0,2,2
gopusa,0,1,1
esanasc,0,1,1
lybclzes,0,1,1
snowmaggedon,0,1,1
grrrr,0,1,1
butt,0,1,1
within,0,1,1
mlmoore,0,1,1
remind,0,1,1
july,0,1,1
patrickc,0,1,1
massey,0,1,1
miners,0,1,1
dripping,0,1,1
irony,0,1,1
epw,0,1,1
postponed,0,1,1
eyf,0,1,1
sl,0,1,1
pt,0,1,1
dennylonergan,0,1,1
gig,0,1,1
invented,0,1,1
skeptic,0,1,1
corner,0,1,1
rasmussen,0,1,1
lybqm,0,1,1
bryan,0,1,1
walsh,0,1,1
alex,0,1,1
brandon,0,1,1
lybxx,0,1,1
av,0,1,1
crablover,0,1,1
gotta,0,1,1
skeptical,0,1,1
comtimehealtharticle,0,1,1
shocking,0,1,1
keder,0,1,1
exists,0,1,1
justsaying,0,1,1
comkrwusz,0,1,1
bobsyouruncle,0,1,1
mikekruger,0,1,1
bother,0,1,1
nycaviation,0,1,1
barackborat,0,1,1
coldest,0,1,1
fu,0,1,1
hmm,0,1,1
shining,0,1,1
grass,0,1,1
karma,0,1,1
vballr,0,1,1
whiche,0,1,1
distortion,0,1,1
referring,0,1,1
congressional,0,1,1
perks,0,1,1
wear,0,1,1
hat,0,1,1
gloves,0,1,1
jacket,0,1,1
cahrh,0,1,1
globeandmail,0,1,1
obumers,0,1,1
snowed,0,1,1
whoa,0,1,1
scandals,0,1,1
zhth,0,1,1
btw,0,1,1
